0 0.8916902796875 0.49775972812499997 0.74535014375 0.46247613750000005 0.7153289796875 0.5869901375000001 0.861669115625 0.6222737296874999 0.8916902796875 0.49775972812499997
0 0.5652151640625 0 0.5652151640625 0.06463068125 0.7444415984375 0.06463068125 0.7444415984375 0 0.5652151640625 0
0 0.7061987703125 0.458570075 0.5455430328124999 0.458570075 0.5455430328124999 0.597964015625 0.7061987703125 0.597964015625 0.7061987703125 0.458570075
0 0.7775481562500001 0.14228803750000002 0.5529145421874999 0.1076853828125 0.5351317250000001 0.2231279296875 0.7597653390625 0.2577305828125 0.7775481562500001 0.14228803750000002
0 0.8264553375 0.3025840015625 0.757102115625 0.297960453125 0.7497044390625 0.4089256078125 0.8190576609375 0.41354915625000005 0.8264553375 0.3025840015625
0 0.72734375 0.4021484375 0.69453125 0.3857421875 0.673828125 0.4271484375 0.706640625 0.4435546875 0.72734375 0.4021484375
0 0.5994338046875 0.4042841828125 0.5661072875000001 0.3970392875 0.5599729234375 0.4252573609375 0.5932994421875 0.43250225625 0.5994338046875 0.4042841828125
0 0.562109375 0.575390625 0.509375 0.575390625 0.509375 0.6296875 0.562109375 0.6296875 0.562109375 0.575390625
0 0.5640625 0.0421875 0.509375 0.0421875 0.509375 0.0939453125 0.5640625 0.0939453125 0.5640625 0.0421875
0 0.5566256015625 0.3321514421875 0.55204326875 0.309239784375 0.5246243984375 0.3147235578125 0.5292067312500001 0.337635215625 0.5566256015625 0.3321514421875
0 0.53671875 0.3673828125 0.509375 0.3673828125 0.509375 0.4104571375 0.53671875 0.4104571375 0.53671875 0.3673828125
0 0.9672661124999999 0.13857644062500002 0.8495777734375001 0.0523716078125 0.7310046140625001 0.21424974687499998 0.8486929515625 0.30045458125 0.9672661124999999 0.13857644062500002
0 0.8296875 0 0.8296875 0.0568359375 0.933203125 0.0568359375 0.933203125 0 0.8296875 0
0 0.6912109375 0.299609375 0.6802734375 0.298046875 0.678125 0.3130859375 0.6890625 0.3146484375 0.6912109375 0.299609375
0 0.40674885937500005 0.958923021875 0.3693543453125 0.9569369203125 0.368070934375 0.981101121875 0.4054654484375 0.9830872218750001 0.40674885937500005 0.958923021875
0 0.5401739796875 0.8761216171875 0.509375 0.8761216171875 0.509375 0.914003071875 0.5401739796875 0.914003071875 0.5401739796875 0.8761216171875