0 0.281541015625 0.4431534734375 0.2617122625 0.4281731921875 0.24091669218749998 0.4556993921875 0.2607454453125 0.47067967343749995 0.281541015625 0.4431534734375
0 0.3299055453125 0.43579980156250003 0.32923009375 0.42419430468749997 0.2944042046875 0.42622120937499997 0.2950796578125 0.4378267046875 0.3299055453125 0.43579980156250003
0 0.5721993125 0.3966472703125 0.41725115781250005 0.3966472703125 0.41725115781250005 0.459375 0.5721993125 0.459375 0.5721993125 0.3966472703125
0 0.5609375 0.40390625 0.4232421875 0.40390625 0.4232421875 0.459375 0.5609375 0.459375 0.5609375 0.40390625
0 0.965234375 0.3033203125 0.9640037937500001 0.29532153125 0.9296604046875 0.3006051296875 0.9308909859375 0.3086039109375 0.965234375 0.3033203125
0 0.7640625 0.2388671875 0.7421875 0.2279296875 0.723046875 0.2662109375 0.744921875 0.2771484375 0.7640625 0.2388671875
0 0.418359375 0.4009765625 0.36494140625 0.34755859375 0.34541015625 0.36708984375 0.398828125 0.4205078125 0.418359375 0.4009765625
0 0.76796875 0.2759765625 0.7672656250000001 0.2710546875 0.76015625 0.2720703125 0.760859375 0.2769921875 0.76796875 0.2759765625
0 0.7903461109375 0.3847396359375 0.7744981375 0.3682830703125 0.7410223968749999 0.4005208203125 0.75687036875 0.4169773859375 0.7903461109375 0.3847396359375
0 0.40128984687499997 0.21849994375 0.359375 0.21715637031249999 0.35889845 0.23202309062499998 0.400813296875 0.23336666250000002 0.40128984687499997 0.21849994375
0 0.359375 1 0.359375 0.8667291671875 0.0914030265625 0.8667291671875 0.0914030265625 1 0.359375 1
0 0.359375 0.5600625 0.09316479375 0.5600625 0.09316479375 0.8450625 0.359375 0.8450625 0.359375 0.5600625
0 0.9100966328125001 0.7005850671875 0.8865870859375 0.6328770828125 0.6746167234375 0.70647736875 0.6981262687500001 0.774185353125 0.9100966328125001 0.7005850671875
0 1 0.7021068625 0.7388919890625 0.7021068625 0.7388919890625 1 1 1 1 0.7021068625