0 0.11300208593750001 0.5707806640624999 0.078878925 0.5707806640624999 0.078878925 0.5796875 0.11300208593750001 0.5796875 0.11300208593750001 0.5707806640624999
0 0.8996437171875 0.547989646875 0.886638596875 0.420070584375 0.7828960734375 0.43061775312500006 0.79590119375 0.5585368171875 0.8996437171875 0.547989646875
0 0.3624511578125 0.9253137140625001 0.3532289484375 0.8838329093749999 0.29354614218749997 0.897101875 0.302768353125 0.9385826796875 0.3624511578125 0.9253137140625001
0 0.5311460578125 0.9483240578125001 0.52966806875 0.8943088953125 0.44546708593749995 0.8966128453125 0.4469450765625 0.95062800625 0.5311460578125 0.9483240578125001
0 0.48871668125 1 0.48871668125 0.9602231937499999 0.40906248125 0.9602231937499999 0.40906248125 1 0.48871668125 1
0 0.43205952343750004 0.8194415859375 0.403897734375 0.7925241296875 0.36140473906250004 0.8369814796874999 0.389566528125 0.8638989359375 0.43205952343750004 0.8194415859375
0 0.5317871140625 0.9054964640625001 0.44589078437499996 0.898531896875 0.4435266234375 0.9276898687499999 0.529422953125 0.9346544375000001 0.5317871140625 0.9054964640625001
0 0.434375 0.8349609375 0.43327047343749997 0.8161839984375 0.36697871718749997 0.8200835124999999 0.36808324375 0.8388604531249999 0.434375 0.8349609375
0 0.35788235625000003 0.9168424953125 0.3572636296875 0.8939495890625 0.2945982546875 0.8956432484375 0.29521698281250003 0.9185361546875 0.35788235625000003 0.9168424953125
0 0.191647853125 0.8779974984375001 0.1913392515625 0.8684308406250001 0.150240384375 0.8697566109375 0.1505489859375 0.87932326875 0.191647853125 0.8779974984375001
0 0.35788235625000003 0.9168424953125 0.3572636296875 0.8939495890625 0.2945982546875 0.8956432484375 0.29521698281250003 0.9185361546875 0.35788235625000003 0.9168424953125
0 0.388671875 0.8421875 0.333984375 0.8421875 0.333984375 0.8626953125 0.388671875 0.8626953125 0.388671875 0.8421875
0 0.7993276234375 0.83718979375 0.678718503125 0.8314720250000001 0.676771415625 0.8725433812500001 0.7973805359374999 0.8782611499999999 0.7993276234375 0.83718979375