0 0.466255159375 0.4920327234375 0.465414946875 0.47270784218750006 0.42854510625 0.474310878125 0.42938531874999997 0.49363576093750006 0.466255159375 0.4920327234375
0 0.4872101953125 0.46876718281249996 0.4025438390625 0.46876718281249996 0.4025438390625 0.5076719625 0.4872101953125 0.5076719625 0.4872101953125 0.46876718281249996
0 0.2592134609375 0.7762054921875 0.19345048125 0.752487690625 0.147973515625 0.8785828859375 0.2137364953125 0.9023006875 0.2592134609375 0.7762054921875
0 0.3577755859375 0.660006371875 0.24752776562499998 0.5835845875000001 0.1886471140625 0.6685271671875 0.2988949359375 0.7449489515625001 0.3577755859375 0.660006371875
0 0.759375 1 0.759375 0.8613162875 0.62961065625 0.8613162875 0.62961065625 1 0.759375 1
0 0.5968237703125 0.8491950750000001 0.4361680328125 0.8491950750000001 0.4361680328125 0.9885890156249999 0.5968237703125 0.9885890156249999 0.5968237703125 0.8491950750000001
0 0 0.8216813015625 0.0755122953125 0.8216813015625 0.0755122953125 0.61875 0 0.61875 0 0.8216813015625
0 0.7170803375 0.6932090015625 0.647727115625 0.688585453125 0.6403294390625 0.7995506078125 0.7096826609375 0.80417415625 0.7170803375 0.6932090015625
0 0.61796875 0.7927734375 0.58515625 0.7763671875 0.564453125 0.8177734375 0.597265625 0.8341796875 0.61796875 0.7927734375
0 0.49005880468749996 0.7949091828125 0.45673228750000006 0.7876642875 0.45059792343750005 0.8158823609375 0.48392444218749997 0.8231272562499999 0.49005880468749996 0.7949091828125
0 0.3524241734375 0.8602251843750001 0.34995404375 0.8281135109375001 0.296484375 0.8322265625 0.298954503125 0.8643382359375 0.3524241734375 0.8602251843750001
0 0.452734375 1 0.452734375 0.966015625 0.39202223593749996 0.966015625 0.39202223593749996 1 0.452734375 1
0 0.093359375 0.8 0.01328125 0.8 0.01328125 0.903515625 0.093359375 0.903515625 0.093359375 0.8
0 0.22646182812500001 0.72127885625 0.1877194359375 0.6797691515625 0.11381615625 0.7487455468750001 0.15255854687499998 0.7902552515625 0.22646182812500001 0.72127885625
0 0.4472506015625 0.7227764421875 0.44266826875 0.699864784375 0.4152493984375 0.7053485578124999 0.41983173125000006 0.728260215625 0.4472506015625 0.7227764421875
0 0.42806512343750003 0.8003236203125 0.4268590328125 0.755698278125 0.3581803140625 0.757554459375 0.3593864046875 0.8021798015625 0.42806512343750003 0.8003236203125
0 0.42750639531249995 0.75720015 0.35935553750000004 0.755914284375 0.3570472359375 0.8782542812499999 0.4251980921875 0.879540146875 0.42750639531249995 0.75720015
0 0.3551700375 0.723609834375 0.3326171875 0.721875 0.33057215 0.7484604781249999 0.353125 0.7501953125 0.3551700375 0.723609834375
0 0.759375 0.61875 0.6843923609375 0.61875 0.6843923609375 0.6876953125 0.759375 0.6876953125 0.759375 0.61875
0 0.5818359375 0.690234375 0.5708984375 0.688671875 0.56875 0.7037109375 0.5796875 0.7052734375 0.5818359375 0.690234375
0 0.343359375 0.78828125 0.2984375 0.78828125 0.2984375 0.8283203125 0.343359375 0.8283203125 0.343359375 0.78828125