0 0.13984375 0.41953125 0.07421875 0.41953125 0.07421875 0.44765625 0.13984375 0.44765625 0.13984375 0.41953125
0 0.2494502484375 0.3380131015625 0.095000278125 0.332687240625 0.0935319546875 0.3752686125 0.247981925 0.3805944734375 0.2494502484375 0.3380131015625
0 0.31963000625000004 0.48479599218749997 0.0415754296875 0.435062653125 0.02302519375 0.5387753390625 0.30107976875000003 0.588508678125 0.31963000625000004 0.48479599218749997
0 0.3278287390625 0.4232639640625 0.0684361828125 0.36340414375 0.048125878125 0.4514154671875 0.30751843437500004 0.5112752875 0.3278287390625 0.4232639640625
0 0.309375 0.32890625 0.03125 0.32890625 0.03125 0.55 0.309375 0.55 0.309375 0.32890625
0 0.5980034734374999 0.18966049375 0.40799731250000004 0.18966049375 0.40799731250000004 0.55 0.5980034734374999 0.55 0.5980034734374999 0.18966049375
0 0.5251388203125 0.1609143890625 0.47133002187499995 0.1589621421875 0.470461484375 0.1829011578125 0.524270284375 0.1848534046875 0.5251388203125 0.1609143890625
0 0.2904600453125 0.6097968546875 0.0723424015625 0.563416321875 0.054457265624999994 0.6475262609375 0.272574909375 0.69390679375 0.2904600453125 0.6097968546875
0 0.27087500000000003 1 0.27087500000000003 0.7371905265625001 0 0.7371905265625001 0 1 0.27087500000000003 1
0 0.0016327171875 0.0012712453125000001 0.0014849828125000001 0.0011996171875 0.0014085687499999998 0.001357221875 0.0015563015624999999 0.0014288515625 0.0016327171875 0.0012712453125000001
0 0.9070489296875 0.671000965625 0.8348412921874999 0.595146478125 0.79529194375 0.6327944140625 0.86749958125 0.7086489015625 0.9070489296875 0.671000965625