0 0.6330124609375 0 0.5876069921875 0.005455268750000001 0.623257553125 0.3021831671875 0.801027878125 0.2808248390625 0.767288 0 0.6330124609375 0
0 0.1106145703125 1 0.1106145703125 0.9322190156250001 0 0.9322190156250001 0 1 0.1106145703125 1
0 0.12182615781249999 0.6409387140625 0.11260394843749999 0.599457909375 0.052921142187500006 0.612726875 0.062143353125 0.6542076796875 0.12182615781249999 0.6409387140625
0 0.32851312187500004 0.6629095 0.32703513281249996 0.6088943375 0.20484208593750003 0.6122378453125 0.2063200765625 0.6662530062500001 0.32851312187500004 0.6629095
0 0.24809168124999997 0.67584819375 0.16843748125 0.67584819375 0.16843748125 0.7188235984375 0.24809168124999997 0.7188235984375 0.24809168124999997 0.67584819375
0 0.1914345234375 0.5350665859375 0.163272734375 0.5081491296875 0.12077973906249999 0.5526064796875 0.148941528125 0.5795239359375 0.1914345234375 0.5350665859375
0 0.4890625 1 0.4890625 0.6737773390624999 0.29760414687500003 0.6737773390624999 0.29760414687500003 1 0.4890625 1
0 0.324572240625 0.6238303921874999 0.205265784375 0.614156896875 0.20290162343749998 0.6433148703125 0.3222080796875 0.652988365625 0.324572240625 0.6238303921874999
0 0.19375 0.5505859375 0.1926454734375 0.5318089984375 0.1263537171875 0.5357085125000001 0.12745824375 0.5544854531250001 0.19375 0.5505859375
0 0.11725735625 0.6324674953125 0.11663862968750001 0.6095745890625001 0.05397325468750001 0.6112682484375 0.054591982812499995 0.6341611546875 0.11725735625 0.6324674953125
0 0.11725735625 0.6324674953125 0.11663862968750001 0.6095745890625001 0.05397325468750001 0.6112682484375 0.054591982812499995 0.6341611546875 0.11725735625 0.6324674953125
0 0.148046875 0.5578125 0.093359375 0.5578125 0.093359375 0.5783203125 0.148046875 0.5783203125 0.148046875 0.5578125
0 0.37362289843749996 0.7854903625 0.32240541718750004 0.781831971875 0.32013007656250003 0.813686746875 0.3713475578125 0.8173451375 0.37362289843749996 0.7854903625
0 0.394296875 0.7002734375 0.3696875 0.6967578125 0.367578125 0.7115234375 0.3921875 0.7150390625 0.394296875 0.7002734375
0 0.09049862187499999 1 0.0930697734375 0.956290409375 0.004795259375 0.951097790625 0.00210668125 0.9968036093749999 0.056445320312500005 1 0.09049862187499999 1
0 0.9846217890625001 0.61138144375 0.8892392046875001 0.5890261531250001 0.8744434890624999 0.6521545453125001 0.9698260734374999 0.6745098359374999 0.9846217890625001 0.61138144375
0 0.7278427796875 0.8373928156250001 0.6736975046875 0.728451478125 0.44923712968749996 0.8400112328124999 0.50338240625 0.9489525703125 0.7278427796875 0.8373928156250001