0 0.8731767640625 0.2983796296875 0.72881944375 0.2983796296875 0.72881944375 0.3796875 0.8731767640625 0.3796875 0.8731767640625 0.2983796296875
0 0.43963068125 0.516939890625 0.3703279859375 0.4985616453125 0.3651513 0.518082453125 0.434453996875 0.5364606984375 0.43963068125 0.516939890625
0 0.2323579546875 0.6699453546874999 0.179642375 0.652970196875 0.172012415625 0.6766646890625 0.2247279953125 0.6936398453125 0.2323579546875 0.6699453546874999
0 0.4541761359375 0.6371584703125001 0.4105397734375 0.615300546875 0.394493134375 0.647335471875 0.43812949687499997 0.6691933953125 0.4541761359375 0.6371584703125001
0 0 0.9795376062500001 0.0214488640625 0.9795376062500001 0.0214488640625 0.9377049187500001 0 0.9377049187500001 0 0.9795376062500001
0 0.12326704531249999 0.6754098359375 0.0830416359375 0.6485440484375 0.0614488640625 0.6808743171875 0.10167427343749999 0.7077401046875 0.12326704531249999 0.6754098359375
0 0.1814488640625 0.75191256875 0.1341761359375 0.75191256875 0.1341761359375 0.784699453125 0.1814488640625 0.784699453125 0.1814488640625 0.75191256875
0 0.08690340937499999 0.8065573765625 0.0818336859375 0.777881178125 0.020015503125 0.788810140625 0.0250852265625 0.8174863390624999 0.08690340937499999 0.8065573765625
0 0.5547948171875 0.6036448828125 0.5229231078125001 0.59885541875 0.51770340625 0.6335901640625 0.5495751156249999 0.638379628125 0.5547948171875 0.6036448828125
0 0.548721590625 0.691803278125 0.4505397734375 0.691803278125 0.4505397734375 0.7355191249999999 0.548721590625 0.7355191249999999 0.548721590625 0.691803278125
0 0.344367375 0.5694720859375 0.30526629375000003 0.5356460968750001 0.23546426406249998 0.6163336078125 0.2745653453125 0.650159596875 0.344367375 0.5694720859375
0 0.51599431875 0.8284153 0.393774421875 0.8047167484375001 0.38323326875 0.859080353125 0.505453165625 0.8827789046875001 0.51599431875 0.8284153
0 0.2832670453125 0.8393442625 0.19963068125 0.8393442625 0.19963068125 0.9103825140625 0.2832670453125 0.9103825140625 0.2832670453125 0.8393442625
0 0.0016048281250000001 0.0012634265625 0.0012705890625 0.00103203125 0.001110378125 0.0012634453125 0.00144461875 0.0014948421875 0.0016048281250000001 0.0012634265625