0 0.36766208749999996 0.13905981875 0.2909278046875 0.11705715624999999 0.27860865156250003 0.160020203125 0.355342934375 0.18202286406249998 0.36766208749999996 0.13905981875
0 0.77612866875 0.08350840312499999 0.7174379234375 0.08350840312499999 0.7174379234375 0.1154411765625 0.77612866875 0.1154411765625 0.77612866875 0.08350840312499999
0 0.829176071875 0 0.829176071875 0.014600840625 0.9759029343750001 0.014600840625 0.9759029343750001 0 0.829176071875 0
0 0.876886315625 0.15323350468750002 0.873769028125 0.11136475937500001 0.7500560046875 0.1205756640625 0.7531732921875001 0.162444409375 0.876886315625 0.15323350468750002
0 0.97973905625 0.1591562046875 0.8546936578125001 0.14608939375000002 0.8502559906249999 0.1885565296875 0.9753013875000001 0.201623340625 0.97973905625 0.1591562046875
0 0.7248086375 0.19389209999999998 0.6806129203125 0.0787232359375 0.5933364296875 0.1122153359375 0.637532146875 0.2273842 0.7248086375 0.19389209999999998
0 1 0.086186965625 0.998572128125 0.02577638125 0.7982041765625 0.0305123 0.79995423125 0.10455390312499999 1 0.0998255984375 1 0.086186965625
0 0.9108495796874999 0.3030287546875 0.9094119718749999 0.23448274374999997 0.7651116625000001 0.2375091390625 0.7665492703125001 0.30605515 0.9108495796874999 0.3030287546875
0 0.2236458328125 0.750744046875 0.2201366640625 0.7291275703125 0.18304670625 0.7351486671874999 0.18655587499999998 0.75676514375 0.2236458328125 0.750744046875
0 0.3436458328125 0.7388392859375 0.3240242203125 0.7003809249999999 0.2350398625 0.7457811078125001 0.25466147499999997 0.78423946875 0.3436458328125 0.7388392859375
0 0.42068298125 0.7713993343750001 0.30216440625 0.755119309375 0.2956827328125 0.8023058921875 0.41420130781250003 0.818585915625 0.42068298125 0.7713993343750001