0 1 0.2056490390625 0.7514423078125 0.2056490390625 0.7514423078125 0.409375 1 0.409375 1 0.2056490390625
0 1 0.200390625 0.820703125 0.200390625 0.820703125 0.3771484375 1 0.3771484375 1 0.200390625
0 0.300149478125 0.5948589859375 0.21075066250000002 0.5699285921875 0.1847055296875 0.663324796875 0.2741043453125 0.6882551890624999 0.300149478125 0.5948589859375
0 0.9104402796875 0.8540097281250001 0.76410014375 0.8187261375 0.7340789796875 0.9432401374999999 0.8804191156250001 0.9785237296875 0.9104402796875 0.8540097281250001
0 0.7249487703125 0.8148200750000001 0.5642930328125 0.8148200750000001 0.5642930328125 0.954214015625 0.7249487703125 0.954214015625 0.7249487703125 0.8148200750000001
0 0.79629815625 0.49853803750000003 0.5716645421875 0.4639353828125 0.553881725 0.5793779296875 0.7785153390625 0.6139805828125 0.79629815625 0.49853803750000003
0 0.8452053375 0.6588340015624999 0.775852115625 0.6542104531249999 0.7684544390625 0.7651756078124999 0.8378076609375 0.7697991562500001 0.8452053375 0.6588340015624999
0 0.74609375 0.7583984375 0.71328125 0.7419921875 0.692578125 0.7833984375 0.725390625 0.7998046875 0.74609375 0.7583984375
0 0.6181838046875 0.7605341828125 0.5848572875 0.7532892875 0.5787229234375 0.7815073609375001 0.6120494421875 0.78875225625 0.6181838046875 0.7605341828125
0 0.580859375 1 0.580859375 0.931640625 0.510546875 0.931640625 0.510546875 1 0.580859375 1
0 0.81577316875 1 0.81577316875 0.966796875 0.705859375 0.966796875 0.705859375 1 0.81577316875 1
0 0.5828125 0.409375 0.491015625 0.409375 0.491015625 0.4501953125 0.5828125 0.4501953125 0.5828125 0.409375
0 0.5753756015625 0.6884014421875 0.5707932687499999 0.665489784375 0.5433743984375 0.6709735578125 0.54795673125 0.693885215625 0.5753756015625 0.6884014421875
0 0.55546875 0.72265625 0.4890625 0.72265625 0.4890625 0.767578125 0.55546875 0.767578125 0.55546875 0.72265625
0 0.55546875 0.72265625 0.4890625 0.72265625 0.4890625 0.8447265625 0.55546875 0.8447265625 0.55546875 0.72265625
0 0.9860161125 0.494826440625 0.8683277734375 0.4086216078125 0.7497546140625 0.570499746875 0.8674429515625001 0.65670458125 0.9860161125 0.494826440625
0 0.7099609375 0.655859375 0.6990234375 0.654296875 0.696875 0.6693359375 0.7078125 0.6708984375 0.7099609375 0.655859375