0 1 0.18732638906250001 0.9131944437499999 0.18732638906250001 0.9131944437499999 0.28575424374999997 1 0.28575424374999997 1 0.18732638906250001
0 0.5412466609375 0.8309231890625 0.343445075 0.767002984375 0.3228781078125 0.8306476296874999 0.52067969375 0.894567834375 0.5412466609375 0.8309231890625
0 0 0.8313490703124999 0.0790989234375 0.8043133265625 0.0646482390625 0.7620347171875 0 0.784131265625 0 0.8313490703124999
0 0.0578125 0.7107421875 0.044140625 0.6970703125 0.0255859375 0.715625 0.0392578125 0.729296875 0.0578125 0.7107421875
0 0.50809368125 0.5840636140625 0.4939084796875 0.5543204515625 0.4014476328125 0.5984171625 0.4156328328125 0.6281603265625 0.50809368125 0.5840636140625
0 0.38004270625 0.56920134375 0.374957496875 0.5498775499999999 0.32054323125 0.56419709375 0.32562844062499996 0.5835208875 0.38004270625 0.56920134375
0 0.5152599890625 0.5342885500000001 0.4796875 0.5310546875 0.47895107656249997 0.539155353125 0.514523565625 0.542389215625 0.5152599890625 0.5342885500000001
0 0.345258025 0.6841166203125 0.33960229062499997 0.649056915625 0.25951218125 0.6619768296874999 0.2651679140625 0.6970365328125 0.345258025 0.6841166203125
0 0.67869318125 0.48881489062499994 0.6093904859375 0.4704366453125 0.6042137999999999 0.489957453125 0.673516496875 0.5083356984375 0.67869318125 0.48881489062499994
0 0.6932386359375 0.6090334703125 0.6817880125 0.5760140359375 0.6345152859375001 0.5924074781249999 0.645965909375 0.6254269125 0.6932386359375 0.6090334703125
0 0.987784090625 0.6144979515625 0.9857744859375 0.5850773453125 0.9065175328124999 0.590491071875 0.9085271374999999 0.619911678125 0.987784090625 0.6144979515625
0 1 0.6527493171875001 0.976875 0.6527493171875001 0.976875 0.6855362015625001 1 0.6855362015625001 1 0.6527493171875001
0 0.8133765203125 0.578453096875 0.761985609375 0.57073041875 0.75676590625 0.6054651640625 0.8081568171875 0.6131878421875 0.8133765203125 0.578453096875
0 0.9005113640625 0.7401810109375 0.8496022734374999 0.7401810109375 0.8496022734374999 0.7838968578125 0.9005113640625 0.7838968578125 0.9005113640625 0.7401810109375
0 0.9041477265625 0.669142759375 0.8989289359375 0.62052260625 0.8480198453125001 0.6259870875 0.8532386359374999 0.674607240625 0.9041477265625 0.669142759375
0 0.753340909375 1 0.753340909375 0.9696892078125 0.6624337125 0.9696892078125 0.6624337125 1 0.753340909375 1
0 0.787784090625 0.663678278125 0.6896022734375 0.663678278125 0.6896022734375 0.707394125 0.787784090625 0.707394125 0.787784090625 0.663678278125
0 0.576875 0.5325307375 0.5296875 0.5325307375 0.5296875 0.6034704718749999 0.576875 0.6034704718749999 0.576875 0.5325307375
0 0.75505681875 0.8002903 0.632836921875 0.7765917484375 0.62229576875 0.830955353125 0.744515665625 0.8546539046875001 0.75505681875 0.8002903
0 1 0.8251975921874999 0.9992366828125 0.8130067249999999 0.895341328125 0.8195120140625001 0.8986642843749999 0.8725826375000001 1 0.8662376187499999 1 0.8251975921874999
0 1 0.43963456250000005 0.7914204546875 0.43963456250000005 0.7914204546875 0.49605631875 1 0.49605631875 1 0.43963456250000005