0 0.559375 0.46557917031249996 0.5133728046875 0.46557917031249996 0.5133728046875 0.5186639015625001 0.559375 0.5186639015625001 0.559375 0.46557917031249996
0 0.8140108484375 0.6348539046874999 0.7195590359375 0.0411568015625 0.5213694109375 0.07268696875 0.6158212234375 0.666384071875 0.8140108484375 0.6348539046874999
0 0.26519116875000004 0.724133403125 0.2065004234375 0.724133403125 0.2065004234375 0.7560661765625001 0.26519116875000004 0.7560661765625001 0.26519116875000004 0.724133403125
0 0.464965434375 0.6390625 0.318238571875 0.6390625 0.318238571875 0.655225840625 0.464965434375 0.655225840625 0.464965434375 0.6390625
0 0.36594881562500003 0.7938585046875 0.36283152812499997 0.751989759375 0.2391185046875 0.7612006640625 0.24223579218750002 0.803069409375 0.36594881562500003 0.7938585046875
0 0.46880155625000003 0.7997812046874999 0.3437561578125 0.78671439375 0.339318490625 0.8291815296875 0.46436388749999996 0.8422483406250001 0.46880155625000003 0.7997812046874999
0 0.21387113750000003 0.8345171 0.1696754203125 0.7193482359375001 0.0823989296875 0.7528403359375 0.126594646875 0.8680092 0.21387113750000003 0.8345171
0 0.4901017796875 0.7404260328125 0.4883517234375 0.66638443125 0.2872666765625 0.6711373 0.28901673125 0.745178903125 0.4901017796875 0.7404260328125
0 0.39991207968750003 0.9436537546875 0.398474471875 0.8751077437499999 0.25417416249999997 0.8781341390625 0.2556117703125 0.94668015 0.39991207968750003 0.9436537546875
0 0.9103141890625001 1 0.9103141890625001 0.77403549375 0.7345486109375 0.77403549375 0.7345486109375 1 0.9103141890625001 1
0 0.8470138203124999 0.7452893890625 0.793205021875 0.7433371421875 0.792336484375 0.7672761578125 0.8461452843749999 0.7692284046875 0.8470138203124999 0.7452893890625