0 0.176745203125 0 0.041678821875 0.011770492187499999 0.047137503125 0.074408859375 0.18853412187500002 0.062086714062500006 0.183123515625 0 0.176745203125 0
0 0.6369886359375 0.634264003125 0.609375 0.634264003125 0.609375 0.6576719468750001 0.6369886359375 0.6576719468750001 0.6369886359375 0.634264003125
0 0.931534090625 0.6535604515625 0.9295244859375 0.6241398453125 0.8502675328124999 0.629553571875 0.8522771375 0.658974178125 0.931534090625 0.6535604515625
0 0.9751704546875001 0.6918118171875001 0.920625 0.6918118171875001 0.920625 0.7245987015625001 0.9751704546875001 0.7245987015625001 0.9751704546875001 0.6918118171875001
0 0.7571265203124999 0.617515596875 0.705735609375 0.60979291875 0.7005159062499999 0.6445276640625 0.7519068171875001 0.6522503421875 0.7571265203124999 0.617515596875
0 0.8442613640625 0.7792435109375 0.7933522734375 0.7792435109375 0.7933522734375 0.8229593578125 0.8442613640625 0.8229593578125 0.8442613640625 0.7792435109375
0 0.8478977265625 0.708205259375 0.8426789359375 0.65958510625 0.7917698453125 0.6650495875 0.7969886359375 0.713669740625 0.8478977265625 0.708205259375
0 0.7315340906250001 0.702740778125 0.6333522734375 0.702740778125 0.6333522734375 0.746456625 0.7315340906250001 0.746456625 0.7315340906250001 0.702740778125
0 0.69880681875 0.8393528 0.609375 0.8220118875000001 0.5988338468750001 0.8763754921875 0.688265665625 0.8937164046875001 0.69880681875 0.8393528
0 0.0015830734375 0.0014055843749999999 0.0013778046875 0.0012770578124999999 0.001303875 0.001395128125 0.0015091437500000002 0.0015236546875 0.0015830734375 0.0014055843749999999
0 0.9860795453125 0.47869706250000005 0.7351704546875 0.47869706250000005 0.7351704546875 0.538806353125 0.9860795453125 0.538806353125 0.9860795453125 0.47869706250000005