0 0.4296875 0.1096551125 0.1683103359375 0.1096551125 0.1683103359375 0.41875 0.4296875 0.41875 0.4296875 0.1096551125
0 0.9364616546875 0.18054985625 0.92501105625 0.07166379843750001 0.753999034375 0.08964764374999999 0.7654496328125 0.19853369999999998 0.9364616546875 0.18054985625
0 0.4296875 0.44710648124999997 0.37795138906250003 0.44710648124999997 0.37795138906250003 0.5143381203125 0.4296875 0.5143381203125 0.4296875 0.44710648124999997
0 0 0.776785215625 0.0079537453125 0.7927883046875001 0.22315527968749999 0.685830315625 0.1690100046875 0.5768889781250001 0 0.6608891703124999 0 0.776785215625
0 0.75838068125 0.468502390625 0.6890779859375 0.4501241453125 0.6839012999999999 0.469644953125 0.7532039968750001 0.4880231984375 0.75838068125 0.468502390625
0 0.5511079546875 0.6215078546874999 0.498392375 0.604532696875 0.490762415625 0.6282271890625 0.5434779953125 0.6452023453125 0.5511079546875 0.6215078546874999
0 0.7729261359375 0.5887209703125 0.7292897734375 0.566863046875 0.7132431343750001 0.5988979718749999 0.756879496875 0.6207558953125 0.7729261359375 0.5887209703125
0 0.5001988640625 0.70347506875 0.4529261359375 0.70347506875 0.4529261359375 0.736261953125 0.5001988640625 0.736261953125 0.5001988640625 0.70347506875
0 0.8930640203125 0.5581405968750001 0.8416731093750001 0.55041791875 0.8364534062500001 0.5851526640625 0.8878443171875 0.5928753421875 0.8930640203125 0.5581405968750001
0 0.9801988640625 0.7198685109375 0.9292897734375 0.7198685109375 0.9292897734375 0.7635843578125 0.9801988640625 0.7635843578125 0.9801988640625 0.7198685109375
0 0.9838352265625 0.6051144125000001 0.9329261359375 0.6051144125000001 0.9329261359375 0.6542947406249999 0.9838352265625 0.6542947406249999 0.9838352265625 0.6051144125000001
0 0.836548909375 1 0.8444334203125001 0.9702682250000001 0.7499947437500001 0.9452242171874999 0.7401988640625 0.9821635921875 0.8074583359374999 1 0.836548909375 1
0 0.867471590625 0.643365778125 0.7692897734375 0.643365778125 0.7692897734375 0.687081625 0.867471590625 0.687081625 0.867471590625 0.643365778125
0 0.663117375 0.5210345859375 0.62401629375 0.48720859687500007 0.5542142640625001 0.5678961078125 0.5933153453125 0.601722096875 0.663117375 0.5210345859375
0 0.83474431875 0.7799777999999999 0.712524421875 0.7562792484374999 0.7019832687500001 0.810642853125 0.824203165625 0.8343414046875001 0.83474431875 0.7799777999999999
0 1 0.41932206250000004 0.8711079546875 0.41932206250000004 0.8711079546875 0.4688018484375 1 0.4688018484375 1 0.41932206250000004
0 0.6020170453125 0.7909067624999999 0.51838068125 0.7909067624999999 0.51838068125 0.8619450140625 0.6020170453125 0.8619450140625 0.6020170453125 0.7909067624999999