0 0.5231335609375 0.055216703125 0.4317580171875 0.019774068750000002 0.4139164796875 0.065771784375 0.505292021875 0.10121442031250001 0.5231335609375 0.055216703125
0 0.2798280328125 0.21481222187500001 0.2458416390625 0.12209309531250001 0.0195566109375 0.2050383546875 0.053543003125 0.29775748125 0.2798280328125 0.21481222187500001
0 0.7503738125 0.1173574734375 0.748782771875 0.0494731828125 0.6676175453125001 0.0513754953125 0.669208584375 0.119259784375 0.7503738125 0.1173574734375
0 0.2261079546875 0.6933828546874999 0.173392375 0.676407696875 0.165762415625 0.7001021890625 0.2184779953125 0.7170773453125 0.2261079546875 0.6933828546874999
0 0.4479261359375 0.6605959703125001 0.4426532265625 0.645390815625 0.3953805 0.6617842578124999 0.400653409375 0.6769894125 0.4479261359375 0.6605959703125001
0 0.015198864062500001 1 0.015198864062500001 0.9611424187500001 0 0.9611424187500001 0 1 0.015198864062500001 1
0 0.11701704531249998 0.6988473359375 0.0767916359375 0.6719815484375 0.0551988640625 0.7043118171875 0.0954242734375 0.7311776046875 0.11701704531249998 0.6988473359375
0 0.17519886406250001 0.77535006875 0.1279261359375 0.77535006875 0.1279261359375 0.8081369531249999 0.17519886406250001 0.8081369531249999 0.17519886406250001 0.77535006875
0 0.080653409375 0.8299948765625 0.0755836859375 0.8013186781250001 0.013765503125 0.812247640625 0.018835226562499998 0.8409238390624999 0.080653409375 0.8299948765625
0 0.6551988640624999 0.7917435109375 0.6042897734375 0.7917435109375 0.6042897734375 0.8354593578125 0.6551988640624999 0.8354593578125 0.6551988640624999 0.7917435109375
0 0.6588352265624999 0.6769894125 0.6079261359375 0.6769894125 0.6079261359375 0.726169740625 0.6588352265624999 0.726169740625 0.6588352265624999 0.6769894125
0 0.542471590625 0.715240778125 0.44428977343750004 0.715240778125 0.44428977343750004 0.7589566249999999 0.542471590625 0.7589566249999999 0.542471590625 0.715240778125
0 0.5097443187499999 0.8518528 0.38752442187499997 0.8281542484375001 0.37698326875 0.882517853125 0.499203165625 0.9062164046875001 0.5097443187499999 0.8518528
0 0.2770170453125 0.8627817625 0.19338068125000002 0.8627817625 0.19338068125000002 0.9338200140625 0.2770170453125 0.9338200140625 0.2770170453125 0.8627817625
0 1 0.659375 0.7578125 0.659375 0.7578125 0.8421875 1 0.8421875 1 0.659375