0 0.24804398125 0.17860671875 0.0487057296875 0.17860671875 0.0487057296875 0.3 0.24804398125 0.3 0.24804398125 0.17860671875
0 0.8270833328125 0.08584105 0.8144907859374999 0.0374384484375 0.736450553125 0.057741600000000004 0.7490431 0.1061442015625 0.8270833328125 0.08584105
0 0.1617708328125 0.6431547625 0.1117708328125 0.6431547625 0.1117708328125 0.684821428125 0.1617708328125 0.684821428125 0.1617708328125 0.6431547625
0 0.2017708328125 0.5241071421875 0.15177083281249998 0.5241071421875 0.15177083281249998 0.571726190625 0.2017708328125 0.571726190625 0.2017708328125 0.5241071421875
0 0.5390625 1 0.5390625 0.952678571875 0.5217708328125 0.952678571875 0.5217708328125 1 0.5390625 1
0 0.2951041671875 0.708630953125 0.24177083281249998 0.708630953125 0.24177083281249998 0.75625 0.2951041671875 0.75625 0.2951041671875 0.708630953125
0 0 0.6550595234375 0.0484375 0.6550595234375 0.0484375 0.6133928578125001 0 0.6133928578125001 0 0.6550595234375
0 0.21510416718749997 0.821726190625 0.1484375 0.821726190625 0.1484375 0.8693452374999999 0.21510416718749997 0.8693452374999999 0.21510416718749997 0.821726190625
0 0.5051041671875 0.7800595234375 0.43510416718749995 0.7800595234375 0.43510416718749995 0.8395833328125001 0.5051041671875 0.8395833328125001 0.5051041671875 0.7800595234375
0 0.4484375 0.38720238125 0.3417708328125 0.38720238125 0.3417708328125 0.42886904687499994 0.4484375 0.42886904687499994 0.4484375 0.38720238125
0 0.3651041671875 0.8395833328125001 0.2951041671875 0.8395833328125001 0.2951041671875 0.9110119046875 0.3651041671875 0.9110119046875 0.3651041671875 0.8395833328125001
0 0.5390625 0.38125 0.4951041671875 0.38125 0.4951041671875 0.43482142812499996 0.5390625 0.43482142812499996 0.5390625 0.38125
0 0 0.809821428125 0.00113819375 0.81194605625 0.0841593375 0.7674704453125 0.0586390203125 0.71983251875 0 0.7512462796875 0 0.809821428125
0 0.5390625 0.5419642859375 0.4884375 0.5419642859375 0.4884375 0.708630953125 0.5390625 0.708630953125 0.5390625 0.5419642859375
0 0.6671875 1 0.6671875 0.7777006171874999 0.5390625 0.7777006171874999 0.5390625 1 0.6671875 1
0 1 0.753009259375 0.71493055625 0.753009259375 0.71493055625 1 1 1 1 0.753009259375