0 0.40758590781250004 0.1549913328125 0.3961325296875 0.0744597625 0.23317148125 0.09763644375 0.2446248578125 0.1781680125 0.40758590781250004 0.1549913328125
0 0.6378243125 0.32284872343750004 0.568299759375 0.2934408140625 0.536652990625 0.3682583546875 0.60617754375 0.3976662640625 0.6378243125 0.32284872343750004
0 0.6265625 0.31171875 0.559375 0.31171875 0.559375 0.3732421875 0.6265625 0.3732421875 0.6265625 0.31171875
0 0.8296875 0.1466796875 0.8078125 0.1357421875 0.788671875 0.1740234375 0.810546875 0.1849609375 0.8296875 0.1466796875
0 0.83359375 0.1837890625 0.8328906249999999 0.1788671875 0.82578125 0.1798828125 0.826484375 0.1848046875 0.83359375 0.1837890625
0 0.8559711109375 0.29255213593749996 0.8401231375 0.2760955703125 0.806647396875 0.3083333203125 0.82249536875 0.32478988593749997 0.8559711109375 0.29255213593749996
0 0.559375 1 0.559375 0.752734375 0.07132468125 0.752734375 0.07132468125 1 0.559375 1
1 0.49033162812500003 0.723087453125 0.4890785984375 0.6571137953124999 0.30525894062500003 0.6606050609375 0.306511971875 0.72657871875 0.49033162812500003 0.723087453125
0 0.6451041671875 0.7254464281249999 0.559375 0.7254464281249999 0.559375 0.7552083328125 0.6451041671875 0.7552083328125 0.6451041671875 0.7254464281249999
0 1 0.8120453203125001 0.99823985625 0.74107633125 0.763864440625 0.7468892125 0.7664791375 0.85231378125 1 0.84652209375 1 0.8120453203125001
0 0.799609375 0.916015625 0.7078125 0.916015625 0.7078125 0.9677734375 0.799609375 0.9677734375 0.799609375 0.916015625
0 0.92233356875 1 0.92233356875 0.9432130953125 0.80531975625 0.9432130953125 0.80531975625 1 0.92233356875 1