0 0.440351075 0.1385251625 0.29496913125 0.133825946875 0.29368055625 0.17369123749999998 0.4390625 0.178390453125 0.440351075 0.1385251625
0 0.81481835625 0.43940244687499996 0.7986203359374999 0.385091440625 0.6996899734375 0.41459698749999996 0.7158879921875 0.46890799375 0.81481835625 0.43940244687499996
0 0.7957447484375 0.3190125515625 0.7945760765625 0.306157146875 0.7619973109375 0.309118853125 0.7631659843749999 0.3219742578125 0.7957447484375 0.3190125515625
0 0.68309368125 0.3496886140625 0.6689084796875 0.3199454515625 0.5764476328125 0.3640421625 0.5906328328125 0.3937853265625 0.68309368125 0.3496886140625
0 0.55504270625 0.33482634375 0.5499574968750001 0.31550255 0.49554323125 0.32982209375 0.500628440625 0.34914588750000003 0.55504270625 0.33482634375
0 0.6902599890625 0.29991355 0.6546875 0.2966796875 0.6539510765625 0.304780353125 0.689523565625 0.308014215625 0.6902599890625 0.29991355
0 0.723487625 0.2627246953125 0.7055983828125 0.2615320796875 0.7051576328125 0.268143321875 0.723046875 0.2693359375 0.723487625 0.2627246953125
0 0.520258025 0.4497416203125 0.514602290625 0.414681915625 0.43451218125 0.4276018296875 0.4401679140625 0.4626615328125 0.520258025 0.4497416203125
0 0.8234796296875 0.26343638281250004 0.77713765 0.2524044546875 0.7731613875 0.26910759375 0.8195033687500001 0.280139521875 0.8234796296875 0.26343638281250004
0 0 0.9078125 0.101731825 0.9723050687500001 0.17201381875 0.8614408921875001 0.0595403828125 0.7901387125 0 0.8840588625000001 0 0.9078125
0 0.4390625 0.5296875 0.28659274218749997 0.5296875 0.28659274218749997 0.6211944015624999 0.4390625 0.6211944015624999 0.4390625 0.5296875