0 0.86950585625 0.248777446875 0.8533078359375 0.19446644062500001 0.7543774734375 0.2239719875 0.7705754921875 0.27828299375 0.86950585625 0.248777446875
0 0.8504322484375001 0.12838755156249998 0.8492635765625 0.11553214687499999 0.8166848109375 0.118493853125 0.817853484375 0.1313492578125 0.8504322484375001 0.12838755156249998
0 0.73778118125 0.1590636140625 0.7235959796875 0.1293204515625 0.6311351328125 0.1734171625 0.6453203328125 0.2031603265625 0.73778118125 0.1590636140625
0 0.60973020625 0.14420134375 0.6046449968750001 0.12487755 0.55023073125 0.13919709375 0.555315940625 0.15852088749999999 0.60973020625 0.14420134375
0 0.7449474890625 0.10928855 0.709375 0.1060546875 0.7086385765625 0.114155353125 0.744211065625 0.117389215625 0.7449474890625 0.10928855
0 0.778175125 0.0720996953125 0.7602858828125 0.0709070796875 0.7598451328125 0.07751832187499999 0.777734375 0.0787109375 0.778175125 0.0720996953125
0 0.574945525 0.2591166203125 0.569289790625 0.224056915625 0.48919968125 0.23697682968749997 0.4948554140625 0.2720365328125 0.574945525 0.2591166203125
0 0.8781671296875 0.0728113828125 0.83182515 0.0617794546875 0.8278488875000001 0.07848259375 0.8741908687500001 0.089514521875 0.8781671296875 0.0728113828125
0 0.1879655828125 0.5121680046875 0.12034014062500001 0.5059196640625 0.11499352656249999 0.5637857687500001 0.18261896875 0.570034109375 0.1879655828125 0.5121680046875
0 0.1781983375 0.646608403125 0.0772784078125 0.6161623921875 0.057987243749999993 0.6801071546874999 0.158907175 0.7105531640625 0.1781983375 0.646608403125
0 0.14477229375 0.3726607859375 0.047624820312499996 0.351203203125 0.026467096875000002 0.4469930890625 0.1236145703125 0.468450671875 0.14477229375 0.3726607859375
0 0.2890625 1 0.2890625 0.638466334375 0.06592741875 0.638466334375 0.06592741875 1 0.2890625 1
0 0.8401234437499999 0.750202690625 0.554681771875 0.7253479046875 0.541961065625 0.871437278125 0.8274027359374999 0.8962920625 0.8401234437499999 0.750202690625