0 0.3704354578125 0.16483383437500002 0.2964309328125 0.1456474734375 0.2770614640625 0.2203582703125 0.351065990625 0.23954462968749998 0.3704354578125 0.16483383437500002
0 0.2030203203125 0.0202791640625 0.1228873421875 0.0087284640625 0.11559007187499999 0.0593532828125 0.19572305 0.07090398125 0.2030203203125 0.0202791640625
0 0.40194144062500003 0.0588663 0.397564909375 0.03383801875 0.34678036562500003 0.042718378125 0.35115689687499996 0.06774665937499999 0.40194144062500003 0.0588663
0 0.233817221875 0 0.233817221875 0.01552751875 0.278630484375 0.01552751875 0.278630484375 0 0.233817221875 0
0 0.77513749375 0.1396483375 0.67324704375 0.1294407328125 0.6702118234375 0.15973774999999998 0.7721022734375 0.1699453546875 0.77513749375 0.1396483375
0 0.9063795906250001 0.2147904109375 0.8107038578125 0.2072233078125 0.8058888765625 0.26810219218750003 0.901564609375 0.2756692953125 0.9063795906250001 0.2147904109375
0 0.9298941578125 0.32319440625 0.8793600906249999 0.2662400265625 0.8257820125 0.31377839375 0.8763160796875 0.3707327734375 0.9298941578125 0.32319440625
0 0.6121022734375 0.250690046875 0.56875 0.250690046875 0.56875 0.3015508578125 0.6121022734375 0.3015508578125 0.6121022734375 0.250690046875
0 0.63755681875 0.37213114687500004 0.56875 0.37213114687500004 0.56875 0.46502732187499995 0.63755681875 0.46502732187499995 0.63755681875 0.37213114687500004
0 0.6666477265624999 0.49781420781249996 0.56875 0.49781420781249996 0.56875 0.5743169406249999 0.6666477265624999 0.5743169406249999 0.6666477265624999 0.49781420781249996
0 0.763451025 0.8820368015625 0.6428211296875 0.7990879421875 0.5930735640625 0.8714342484375001 0.713703459375 0.9543831078125 0.763451025 0.8820368015625