0 0.459913615625 0.1216425703125 0.34966227031249997 0.12020665312500001 0.3490906671875 0.164095059375 0.45934201249999995 0.165530975 0.459913615625 0.1216425703125
0 0.5223011359374999 0.1004439890625 0.5108296984375 0.0668556203125 0.44790356249999996 0.0883467875 0.459375 0.12193515625 0.5223011359374999 0.1004439890625
0 0.80169999375 0.10839833750000001 0.69980954375 0.0981907328125 0.6967743234375 0.12848774999999998 0.7986647734375001 0.1386953546875 0.80169999375 0.10839833750000001
0 0.932942090625 0.1835404109375 0.8372663578124999 0.1759733078125 0.8324513765624999 0.23685219218750003 0.928127109375 0.2444192953125 0.932942090625 0.1835404109375
0 0.9564566578125 0.29194440625 0.9059225906249999 0.2349900265625 0.8523445125 0.28252839375 0.9028785796875001 0.3394827734375 0.9564566578125 0.29194440625
0 0.6415961218749999 0.2639779578125 0.6330685640625 0.2015562390625 0.50172094375 0.21949990156250002 0.5102485 0.281921621875 0.6415961218749999 0.2639779578125
0 0.66411931875 0.34088114687500004 0.54775568125 0.34088114687500004 0.54775568125 0.43377732187499995 0.66411931875 0.43377732187499995 0.66411931875 0.34088114687500004
0 0.6947357875 0.5403472640625 0.691437096875 0.46351777656250004 0.501289003125 0.471681825 0.5045876921875 0.5485113125 0.6947357875 0.5403472640625
0 0.459375 0.6060570984375 0.37847222187499996 0.6060570984375 0.37847222187499996 0.64618055625 0.459375 0.64618055625 0.459375 0.6060570984375
0 1 0.9113444171875 0.9927910640625001 0.8251750859375001 0.8649199234375 0.8358728015624999 0.8739140781250001 0.9433810625 1 0.9328326984374999 1 0.9113444171875
0 0.763760528125 0.695176846875 0.6923790546874999 0.6164110843749999 0.6102157484374999 0.690871584375 0.6815972218749999 0.7696373453125 0.763760528125 0.695176846875
0 0.6364583328125 0.5796875 0.5885778359375 0.5796875 0.5885778359375 0.618402778125 0.6364583328125 0.618402778125 0.6364583328125 0.5796875