0 0.54989289375 0.6573881171875 0.396237615625 0.6573881171875 0.396237615625 0.76875 0.54989289375 0.76875 0.54989289375 0.6573881171875
0 0.35493692656250003 0.2790200640625 0.3055080328125 0.271517465625 0.284465746875 0.4101490109375 0.3338946390625 0.41765161093750003 0.35493692656250003 0.2790200640625
0 0.18391110156249998 0.16468326093750002 0.085176084375 0.1611382546875 0.08073253281250001 0.28489939999999997 0.17946755 0.2884444078125 0.18391110156249998 0.16468326093750002
0 0.526750115625 0.25865480937499996 0.5244471796875 0.208134175 0.4449310890625 0.211758840625 0.44723402500000004 0.26227947500000004 0.526750115625 0.25865480937499996
0 0.335209115625 0.12112550468750001 0.28332803906250004 0.09953905156250001 0.262022215625 0.1507456609375 0.3139032921875 0.17233211406249999 0.335209115625 0.12112550468750001
0 0.7516323359375 0.6192335859375 0.726113303125 0.5713854046875 0.6182859359374999 0.6288933359375 0.64380496875 0.67674151875 0.7516323359375 0.6192335859375
0 0.9087454390625 0.5030351093750001 0.8889484859375001 0.46962775 0.8317229140625001 0.5035392 0.85151986875 0.536946559375 0.9087454390625 0.5030351093750001
0 0.9111288921874999 0.5416636796875001 0.8820328406250001 0.5194952578125 0.7854283421875 0.64628865625 0.81452439375 0.6684570765625 0.9111288921874999 0.5416636796875001
0 0.80993495 0.6096110546875 0.7849869265625 0.58622228125 0.7369776765625 0.6374321421875 0.7619257 0.6608209171875 0.80993495 0.6096110546875
0 0.5946180562500001 0.76875 0.20920138906250002 0.76875 0.20920138906250002 0.959953703125 0.5946180562500001 0.959953703125 0.5946180562500001 0.76875
0 1 0.76875 0.61875 0.76875 0.61875 1 1 1 1 0.76875