0 0.1320833328125 0.6634672625 0.08208333281249999 0.6634672625 0.08208333281249999 0.705133928125 0.1320833328125 0.705133928125 0.1320833328125 0.6634672625
0 0.1720833328125 0.5444196421874999 0.12208333281249999 0.5444196421874999 0.12208333281249999 0.592038690625 0.1720833328125 0.592038690625 0.1720833328125 0.5444196421874999
0 0.5387500000000001 1 0.5387500000000001 0.972991071875 0.4920833328125 0.972991071875 0.4920833328125 1 0.5387500000000001 1
0 0.2654166671875 0.7289434531250001 0.21208333281249997 0.7289434531250001 0.21208333281249997 0.7765625 0.2654166671875 0.7765625 0.2654166671875 0.7289434531250001
0 0 0.6694196421874999 0.01875 0.6694196421874999 0.01875 0.6337053578125 0 0.6337053578125 0 0.6694196421874999
0 0.1854166671875 0.842038690625 0.11875 0.842038690625 0.11875 0.8896577375 0.1854166671875 0.8896577375 0.1854166671875 0.842038690625
0 0.4754166671875 0.8003720234375 0.40541666718749997 0.8003720234375 0.40541666718749997 0.8598958328125 0.4754166671875 0.8598958328125 0.4754166671875 0.8003720234375
0 0.41875 0.40751488125 0.3120833328125 0.40751488125 0.3120833328125 0.44918154687499995 0.41875 0.44918154687499995 0.41875 0.40751488125
0 0.33541666718749996 0.8598958328125 0.2654166671875 0.8598958328125 0.2654166671875 0.9313244046875001 0.33541666718749996 0.9313244046875001 0.33541666718749996 0.8598958328125
0 0.55 0.3890625 0.4654166671875 0.3890625 0.4654166671875 0.455133928125 0.55 0.455133928125 0.55 0.3890625
0 0 0.8122767859375 0.0420833328125 0.8122767859375 0.0420833328125 0.7587053578125 0 0.7587053578125 0 0.8122767859375
0 0.55 0.5622767859375 0.45875000000000005 0.5622767859375 0.45875000000000005 0.7289434531250001 0.55 0.7289434531250001 0.55 0.5622767859375
0 0.7610176125 0.777351996875 0.6482141140625 0.7570473671875 0.6264410875 0.8780086234375 0.7392445859375 0.898313253125 0.7610176125 0.777351996875