0 0.626171875 0.40868055625000005 0.083504971875 0.40868055625000005 0.083504971875 0.659375 0.626171875 0.659375 0.626171875 0.40868055625000005
0 0.9092708328124999 0.23325892812500001 0.8592708328124999 0.23325892812500001 0.8592708328124999 0.2749255953125 0.9092708328124999 0.2749255953125 0.9092708328124999 0.23325892812500001
0 1 0.2868303578125 0.9659375000000001 0.2868303578125 0.9659375000000001 0.3284970234375 1 0.3284970234375 1 0.2868303578125
0 1 0.42373511875 0.9292708328125 0.42373511875 0.9292708328125 0.5130208328125 1 0.5130208328125 1 0.42373511875
0 0.29853575 1 0.332896959375 0.96432023125 0.2816732546875 0.9149895171875 0.2427859953125 0.9553690156249999 0.289129625 1 0.29853575 1
0 0.712707953125 0.920947503125 0.642871796875 0.9151203234375 0.63953884375 0.9550642968749999 0.709375 0.960891475 0.712707953125 0.920947503125
0 0.398534025 0.876691365625 0.3109126765625 0.8376983609374999 0.28538317343749997 0.895065815625 0.373004521875 0.9340588203125 0.398534025 0.876691365625
0 0.498920125 0.742670746875 0.494605625 0.69742680625 0.357836325 0.7104692390625 0.362150825 0.7557131796875 0.498920125 0.742670746875
0 0.251815878125 1 0.251815878125 0.9746295109374999 0.1632541015625 0.9746295109374999 0.1632541015625 1 0.251815878125 1
0 0.596163359375 0.7997742078125001 0.4230575046875 0.7915204499999999 0.4210169421875 0.8343171171874999 0.594122796875 0.842570875 0.596163359375 0.7997742078125001
0 0 0.9746295109374999 0.11668074375 0.9746295109374999 0.11668074375 0.912773840625 0 0.912773840625 0 0.9746295109374999
0 0 0.7574439749999999 0.1943232640625 0.852411803125 0.25142283593750003 0.7355746015625 0.0184122359375 0.6216998640625 0 0.659375 0 0.7574439749999999