0 0 0.1535025578125 0.00637410625 0.2246136875 0.44647314062500004 0.18516503906249998 0.4312493046875 0.015324103124999999 0 0.053979498437499995 0 0.1535025578125
0 0.29415170156250003 0.28307190000000004 0.0672571359375 0.28307190000000004 0.0672571359375 0.359375 0.29415170156250003 0.359375 0.29415170156250003 0.28307190000000004
0 0.47692803125000005 0.6121666015625 0.40929215 0.5801021828125 0.393402778125 0.6136188265625 0.46103865937500005 0.6456832453125 0.47692803125000005 0.6121666015625
0 0.9276277796875 0.839947228125 0.78128764375 0.8046636375 0.7512664796874999 0.9291776374999999 0.8976066156250001 0.9644612296874999 0.9276277796875 0.839947228125
0 0.755251025 0.359375 0.6011526640625 0.359375 0.6011526640625 0.40681818124999997 0.755251025 0.40681818124999997 0.755251025 0.359375
0 0.7421362703125001 0.8007575750000001 0.5814805328125 0.8007575750000001 0.5814805328125 0.940151515625 0.7421362703125001 0.940151515625 0.7421362703125001 0.8007575750000001
0 0.8134856562499999 0.4844755375 0.5888520421875 0.44987288281250004 0.571069225 0.5653154296875 0.7957028390625001 0.5999180828124999 0.8134856562499999 0.4844755375
0 0.8623928375000001 0.6447715015625 0.7930396156249999 0.640147953125 0.7856419390625 0.7511131078125 0.8549951609375 0.7557366562500001 0.8623928375000001 0.6447715015625
0 0.76328125 0.7443359375 0.73046875 0.7279296875 0.709765625 0.7693359375 0.742578125 0.7857421875 0.76328125 0.7443359375
0 0.6353713046875 0.7464716828125 0.6020447875 0.7392267875 0.5959104234375 0.7674448609375 0.6292369421874999 0.77468975625 0.6353713046875 0.7464716828125
0 0.5925083703125 1 0.598369090625 0.9179499124999999 0.5513341390625001 0.9145902734375 0.5454698078125 0.9966909234375001 0.591796884375 1 0.5925083703125 1
0 0.8378098062499999 1 0.8378098062499999 0.952734375 0.723046875 0.952734375 0.723046875 1 0.8378098062499999 1
0 0.6 0.384375 0.55 0.384375 0.55 0.4361328125 0.6 0.4361328125 0.6 0.384375
0 0.5925631015625 0.6743389421875 0.5879807687499999 0.651427284375 0.5605618984375 0.6569110578124999 0.56514423125 0.6798227156250001 0.5925631015625 0.6743389421875
0 0.57265625 0.7097741171874999 0.55 0.7097741171874999 0.55 0.7516276046875 0.57265625 0.7516276046875 0.57265625 0.7097741171874999
0 1 0.47841734531249996 0.8855152734375 0.39455910781250003 0.7669421140625 0.5564372468750001 0.8846304515625001 0.64264208125 1 0.48513756875 1 0.47841734531249996
0 0.969140625 0.359375 0.865625 0.359375 0.865625 0.3990234375 0.969140625 0.3990234375 0.969140625 0.359375
0 0.7271484375 0.641796875 0.7162109375 0.640234375 0.7140625 0.6552734375 0.725 0.6568359375 0.7271484375 0.641796875