0 0.56875 0.22455357187499997 0.5303125 0.22455357187499997 0.5303125 0.2602678578125 0.56875 0.2602678578125 0.56875 0.22455357187499997
0 0.3069791671875 0.200744046875 0.2503125 0.200744046875 0.2503125 0.24241071406249998 0.3069791671875 0.24241071406249998 0.3069791671875 0.200744046875
0 0.5303125 0.040029762499999996 0.4569791671875 0.040029762499999996 0.4569791671875 0.099553571875 0.5303125 0.099553571875 0.5303125 0.040029762499999996
0 0.56875 0.3078869046875 0.5403125 0.3078869046875 0.5403125 0.3890625 0.56875 0.3890625 0.56875 0.3078869046875
0 0.2736458328125 0.087648809375 0.1936458328125 0.087648809375 0.1936458328125 0.1650297625 0.2736458328125 0.1650297625 0.2736458328125 0.087648809375
0 0.4869791671875 0.325744046875 0.3769791671875 0.325744046875 0.3769791671875 0.3890625 0.4869791671875 0.3890625 0.4869791671875 0.325744046875
0 0.40031249999999996 0 0.3345109328125 0.041965284375 0.372319803125 0.10124959375 0.5072516765625 0.0151961046875 0.4975602828125 0 0.40031249999999996 0
0 0.5276169703125 0.1935554171875 0.48312377968750003 0.14060851875 0.34243161718750004 0.25883722656249997 0.386924809375 0.311784125 0.5276169703125 0.1935554171875
0 0.3003125 0.2959821421875 0.2336458328125 0.2959821421875 0.2336458328125 0.3890625 0.3003125 0.3890625 0.3003125 0.2959821421875
0 0 0.37768381562500003 0.089771003125 0.42530969687500003 0.1987711234375 0.2198531234375 0.10102063750000001 0.16799391875 0 0.3584098015625 0 0.37768381562500003
0 0.7882928125 0.080621615625 0.5880605578125 0.074207771875 0.5841358421875 0.196732484375 0.7843680984375 0.20314632812500003 0.7882928125 0.080621615625
0 0 0.803134803125 0.0004191109375 0.8072997187500001 0.1266303640625 0.794599215625 0.1174671890625 0.7035401640625001 0 0.7153607609375 0 0.803134803125
0 0.30024176874999997 0.803496903125 0.2882445234375 0.684724178125 0.1497660328125 0.69871190625 0.16176327968749998 0.8174846296875 0.30024176874999997 0.803496903125
0 0.7997988031250001 0.7180604046875 0.7540904281249999 0.5696380390625 0.598353121875 0.617599134375 0.644061496875 0.7660215 0.7997988031250001 0.7180604046875