0 0.702702703125 0.24503311249999998 0.609609609375 0.24503311249999998 0.609609609375 0.3046357609375 0.702702703125 0.3046357609375 0.702702703125 0.24503311249999998
0 0.8258258265625 0.536423840625 0.7357357359375001 0.536423840625 0.7357357359375001 0.668874171875 0.8258258265625 0.668874171875 0.8258258265625 0.536423840625
0 0.7747622265625 0.50974005625 0.761255259375 0.30123184375 0.69888293125 0.305272265625 0.7123898984375 0.5137804765625 0.7747622265625 0.50974005625
0 0.9329018375 0.8967897890625001 0.861697659375 0.6948986609375 0.7254873546875 0.7429381312500001 0.7966915328125 0.9448292593750001 0.9329018375 0.8967897890625001
0 0.50615985625 0.776893028125 0.40474759687499995 0.70928485625 0.3350360578125 0.8138521640624999 0.43644831718750005 0.8814603359375001 0.50615985625 0.776893028125
0 0.49609375 0.5703125 0.37890625 0.5703125 0.37890625 0.6533203125 0.49609375 0.6533203125 0.49609375 0.5703125
0 0.251953125 0.59375 0.185546875 0.59375 0.185546875 0.6728515625 0.251953125 0.6728515625 0.251953125 0.59375
0 0.3828125 0.451171875 0.275390625 0.451171875 0.275390625 0.5322265625 0.3828125 0.5322265625 0.3828125 0.451171875
0 0.501953125 0.37109375 0.427734375 0.37109375 0.427734375 0.4287109375 0.501953125 0.4287109375 0.501953125 0.37109375
0 0.6111937359375 0.46634891093749997 0.5641395499999999 0.441012040625 0.544948753125 0.47665209218750004 0.5920029390625 0.5019889625 0.6111937359375 0.46634891093749997
0 0.42724409531249996 0.21560315000000002 0.35587642812500003 0.21031665624999998 0.35314258593750003 0.24722352500000003 0.42451025312499996 0.25251001875 0.42724409531249996 0.21560315000000002
0 0.515625 0.14453125 0.45703125 0.14453125 0.45703125 0.1728515625 0.515625 0.1728515625 0.515625 0.14453125
0 0.63671875 0.166015625 0.5859375 0.166015625 0.5859375 0.1884765625 0.63671875 0.1884765625 0.63671875 0.166015625
0 0.6034753046875 0.24272117031249998 0.48465290000000005 0.21732687031250003 0.47168002500000006 0.278028215625 0.5905024296875 0.303422515625 0.6034753046875 0.24272117031249998
0 0.6789749656249999 0.1927764015625 0.5297842203124999 0.176652503125 0.5250295671874999 0.2206462125 0.6742203140624999 0.2367701109375 0.6789749656249999 0.1927764015625
0 0.61709738125 0.09963510625000001 0.473720971875 0.082801821875 0.46652187187500005 0.144119684375 0.6098982828125 0.16095296875 0.61709738125 0.09963510625000001