0 0.45 0.1815117796875 0.1069602265625 0.1815117796875 0.1069602265625 0.584653140625 0.45 0.584653140625 0.45 0.1815117796875
0 0.5555208328125001 0.598288690625 0.5288541671875 0.598288690625 0.5288541671875 0.6296875 0.5555208328125001 0.6296875 0.5555208328125001 0.598288690625
0 0.6688541671875 0.30066964218750003 0.6221875 0.30066964218750003 0.6221875 0.3244791671875 0.6688541671875 0.3244791671875 0.6688541671875 0.30066964218750003
0 0.6821875000000001 0.1935267859375 0.6188541671875 0.1935267859375 0.6188541671875 0.223288690625 0.6821875000000001 0.223288690625 0.6821875000000001 0.1935267859375
0 0.6055208328125 0.21733630937499998 0.5455208328125 0.21733630937499998 0.5455208328125 0.2530505953125 0.6055208328125 0.2530505953125 0.6055208328125 0.21733630937499998
0 0.8221875000000001 0.47924107187500004 0.7855208328125001 0.47924107187500004 0.7855208328125001 0.5447172625000001 0.8221875000000001 0.5447172625000001 0.8221875000000001 0.47924107187500004
0 1 0.41533750156250004 0.9859282546875001 0.39169696875 0.89085081875 0.448290684375 0.9135241828125 0.4863819359375 1 0.43490823125 1 0.41533750156250004
0 0.001590121875 0.0004915437499999999 0.001543384375 0.00038685 0.0013116359375000002 0.000490309375 0.0013583734375 0.0005950015625 0.001590121875 0.0004915437499999999
0 0.733937365625 0.4605655046875 0.7210410656249999 0.39797545625 0.473831396875 0.4489115109375 0.48672769843749997 0.5115015609375 0.733937365625 0.4605655046875
0 0.5855208328125 0.580431546875 0.45218749999999996 0.580431546875 0.45218749999999996 0.6296875 0.5855208328125 0.6296875 0.5855208328125 0.580431546875
0 0.8755208328125 0.473288690625 0.7188541671875 0.473288690625 0.7188541671875 0.5566220234375 0.8755208328125 0.5566220234375 0.8755208328125 0.473288690625
0 0.45 1 0.45 0.775011240625 0 0.775011240625 0 1 0.45 1
0 0.858207465625 1 0.858207465625 0.92835648125 0.6494791671875 0.92835648125 0.6494791671875 1 0.858207465625 1
0 0.8244268796875 0.9180969859375001 0.8181964453124999 0.858017796875 0.6348169390625 0.8770349312500001 0.6410473734375 0.93711411875 0.8244268796875 0.9180969859375001