0 0.66875 0.37878989375 0.444371515625 0.37878989375 0.444371515625 0.5117686171875 0.66875 0.5117686171875 0.66875 0.37878989375
0 0.9180997859375 0.33141809375000003 0.8586865828124999 0.3225061125 0.8553124999999999 0.34500000000000003 0.914725703125 0.35391198125 0.9180997859375 0.33141809375000003
0 0.8186458328124999 0.505 0.817509921875 0.4860681546875 0.7341765890625 0.4910681546875 0.7353125 0.51 0.8186458328124999 0.505
0 0.7419791671875 0.65 0.6786458328125 0.65 0.6786458328125 0.6799999999999999 0.7419791671875 0.6799999999999999 0.7419791671875 0.65
0 0.7186458328125 0.32 0.7128603874999999 0.28721581406249996 0.6629645546875 0.2960209609375 0.66875 0.328805146875 0.7186458328125 0.32
0 0.8951073718749999 0.259974359375 0.7724407046875 0.244641025 0.7686458328125 0.275 0.8913125000000001 0.2903333328125 0.8951073718749999 0.259974359375
0 1 0.48968750156249996 0.9966975781249999 0.4625342484375 0.8442273828125 0.48107791874999994 0.8482439375 0.5141029328125 1 0.49564611562499994 1 0.48968750156249996
0 0.9827519468749999 0.535634371875 0.749185625 0.5294878890625 0.747976859375 0.5754209921875 0.98154318125 0.5815674734375 0.9827519468749999 0.535634371875
0 1 0.39439854375 0.66946655625 0.3740231953125 0.6658667796875 0.43241957343750004 1 0.4530168265625 1 0.39439854375
0 0.26591639843750003 0.7133873453125 0.19839228281250001 0.7133873453125 0.19839228281250001 0.756597221875 0.26591639843750003 0.756597221875 0.26591639843750003 0.7133873453125
0 0.1276527328125 0.7010416671875 0.053697748437500005 0.7010416671875 0.053697748437500005 0.738078703125 0.1276527328125 0.738078703125 0.1276527328125 0.7010416671875
0 0.1951768484375 0.8368441359375 0.1276527328125 0.8368441359375 0.1276527328125 0.892399690625 0.1951768484375 0.892399690625 0.1951768484375 0.8368441359375
0 0 0.9726466046875 0.0279742765625 0.9726466046875 0.0279742765625 0.9047453703125001 0 0.9047453703125001 0 0.9726466046875