0 0.43636363593749994 0.4316939890625 0.42489219843750003 0.3981056203125 0.3448921984375 0.425428025 0.3563636359375 0.45901639375 0.43636363593749994 0.4316939890625
0 0.3127272734375 0.497267759375 0.306543934375 0.456120446875 0.2338166609375 0.46704940937500006 0.24 0.508196721875 0.3127272734375 0.497267759375
0 0.71576249375 0.4396483375 0.61387204375 0.42944073281249995 0.6108368234375 0.45973775000000006 0.7127272734375001 0.4699453546875 0.71576249375 0.4396483375
0 0.847004590625 0.5147904109375 0.7513288578124999 0.5072233078124999 0.7465138765625 0.5681021921875 0.842189609375 0.5756692953125 0.847004590625 0.5147904109375
0 0.8705191578125 0.62319440625 0.8199850906249999 0.5662400265625 0.7664070125 0.61377839375 0.8169410796875001 0.6707327734375 0.8705191578125 0.62319440625
0 0.1454545453125 0.5519125687499999 0.0679996421875 0.522814071875 0.0329190359375 0.6161922609375 0.1103739390625 0.6452907578125 0.1454545453125 0.5519125687499999
0 0.5556586218749999 0.5952279578125 0.5471310640625 0.5328062390625 0.41578344375 0.5507499015625 0.424311 0.6131716218750001 0.5556586218749999 0.5952279578125
0 0.57818181875 0.672131146875 0.46181818124999996 0.672131146875 0.46181818124999996 0.765027321875 0.57818181875 0.765027321875 0.57818181875 0.672131146875
0 0.6087982875 0.8715972640625 0.605499596875 0.7947677765625001 0.415351503125 0.8029318249999999 0.4186501921875 0.8797613125 0.6087982875 0.8715972640625
0 0.3563636359375 0.721311475 0.2299361953125 0.64893563125 0.16519945625000002 0.76201894375 0.291626896875 0.8343947875 0.3563636359375 0.721311475
0 0.8872727265625 1 0.8872727265625 0.857923496875 0.5563636359374999 0.857923496875 0.5563636359374999 1 0.8872727265625 1