0 0.364815615625 0.2434574109375 0.16939033125 0.11921161875 0.0824157953125 0.25601322187500003 0.2778410796875 0.3802590140625 0.364815615625 0.2434574109375
0 0.6393880203125 0.2734375 0.46875 0.2734375 0.46875 0.3390625 0.6393880203125 0.3390625 0.6393880203125 0.2734375
0 0.2356010859375 0.860003571875 0.2189934875 0.8275382359375 0.088253215625 0.8944182453125 0.1048608140625 0.92688358125 0.2356010859375 0.860003571875
0 0.300390625 0.9208984375 0.1746326078125 0.901451321875 0.1710716109375 0.9244790984375 0.29682962812499997 0.9439262156250001 0.300390625 0.9208984375
0 0.2570736671875 0.8868881046875 0.254927446875 0.8618488531249999 0.148732209375 0.8709513015624999 0.15087843125 0.8959905546875 0.2570736671875 0.8868881046875
0 0.47083153749999995 0.88720963125 0.46843129218749996 0.8664774359375 0.43744116718750004 0.8700652796874999 0.43984141093750007 0.890797475 0.47083153749999995 0.88720963125
0 0.4424846640625 0.933872503125 0.36337321562499997 0.925379575 0.361509684375 0.942738325 0.4406211328125 0.9512312515625 0.4424846640625 0.933872503125
0 0.45593702187499996 0.84656090625 0.41646603750000005 0.8416688609375 0.4146656359375 0.8561952234374999 0.4541366203125 0.8610872687500001 0.45593702187499996 0.84656090625
0 0.361296725 0.8356637984375 0.32679220781249996 0.8303354875 0.32497886875000004 0.8420781187499999 0.3594833859375 0.8474064296874999 0.361296725 0.8356637984375
0 0.6535877890624999 0.8417542656249999 0.65175535 0.8246514921875001 0.5854821 0.831752196875 0.5873145390625 0.848854971875 0.6535877890624999 0.8417542656249999
0 0.576111778125 0.8705979562499999 0.57265625 0.8533203125 0.5272085343749999 0.86240985625 0.5306640625 0.8796875 0.576111778125 0.8705979562499999
0 0.836328125 0.8611328125 0.8353515625 0.854296875 0.81484375 0.8572265625 0.8158203125 0.8640625 0.836328125 0.8611328125