0 0.4890625 0.054734848437500004 0.35271516406250003 0.054734848437500004 0.35271516406250003 0.18806818125 0.4890625 0.18806818125 0.4890625 0.054734848437500004
0 0.4890625 0.24261363593750002 0.32976434375 0.24261363593750002 0.32976434375 0.35 0.4890625 0.35 0.4890625 0.24261363593750002
0 0 0.3404296875 0.091796875 0.3404296875 0.091796875 0.20078125 0 0.20078125 0 0.3404296875
0 0.28965625 0.2981015625 0.2426875 0.23025781250000002 0.1759609375 0.276453125 0.22292968750000003 0.344296875 0.28965625 0.2981015625
0 0.234375 0.144140625 0.130859375 0.144140625 0.130859375 0.2623046875 0.234375 0.2623046875 0.234375 0.144140625
0 0.353279903125 0.2153286640625 0.3502626609375 0.1640355609375 0.258209859375 0.16945043125 0.2612271015625 0.220743534375 0.353279903125 0.2153286640625
0 0.162109375 0 0.162109375 0.06015625 0.24828559062500002 0.06015625 0.24828559062500002 0 0.162109375 0
0 0.3984375 0 0.3984375 0.0533203125 0.44921875 0.0533203125 0.44921875 0 0.3984375 0
0 0.185546875 0.0689453125 0.17228098593750002 0.065883953125 0.16796875 0.0845703125 0.18123463906249998 0.087631671875 0.185546875 0.0689453125
0 1 0.1144979515625 0.691278409375 0.1144979515625 0.691278409375 0.35 1 0.35 1 0.1144979515625
0 0.00042213125000000005 0.001348065625 0.00025083593750000003 0.00120610625 0.000021106249999999998 0.0014833125 0.0001924015625 0.001625271875 0.00042213125000000005 0.001348065625
0 0.8504331671875001 0.6022196234375 0.623318265625 0.5447311640625 0.536318315625 0.8884346703125001 0.7634332171875 0.9459231296875 0.8504331671875001 0.6022196234375