0 0.9739375953125 0.639223403125 0.96870825 0.579451721875 0.689773734375 0.6038553296875 0.6950030796875 0.6636270125 0.9739375953125 0.639223403125
0 0.7587577328124999 0.8186603781249999 0.750913715625 0.7290028546875 0.5417128296875 0.747305559375 0.5495568453125 0.8369630828125001 0.7587577328124999 0.8186603781249999
0 0.5892827078125 0.60260895625 0.5823102484375 0.5229133796875 0.2934137859375 0.548188546875 0.3003862453125 0.6278841234375 0.5892827078125 0.60260895625
0 0.9448538078125001 0.959884234375 0.939727171875 0.9193372078125 0.799370378125 0.93708346875 0.8044970125 0.977630496875 0.9448538078125001 0.959884234375
0 0.5374142749999999 0.4390200796875 0.53682215 0.426585478125 0.4743707578125 0.429559353125 0.47496288125 0.44199395468749997 0.5374142749999999 0.4390200796875
0 0.31704216875 0.46644730624999997 0.3158744578125 0.4545366640625 0.23598971249999998 0.462368503125 0.23715742187500002 0.47427914375 0.31704216875 0.46644730624999997
0 0.126953125 0.4580078125 0.076171875 0.4580078125 0.076171875 0.4765625 0.126953125 0.4765625 0.126953125 0.4580078125
0 0.64913909375 0.33775455781249997 0.6484375 0.3291015625 0.58587371875 0.3341743015625 0.5865753125000001 0.342827296875 0.64913909375 0.33775455781249997
0 0.8910730703124999 0.3876608453125 0.8901079968750001 0.3751148890625 0.8024356625 0.38185891562499996 0.8034007359374999 0.394404871875 0.8910730703124999 0.3876608453125
0 0.8969856187499999 0.43818272968749994 0.8960868359375 0.42470098125 0.81014069375 0.430430725 0.8110394765625 0.44391247187499994 0.8969856187499999 0.43818272968749994
0 0.7525909375000001 0.268608546875 0.7519021 0.260112878125 0.671875 0.2666015625 0.6725638375 0.27509723125 0.7525909375000001 0.268608546875
0 0.6266037156250001 0.440486040625 0.6244089171875 0.40253932499999995 0.5363895921874999 0.407630271875 0.538584390625 0.44557698593749995 0.6266037156250001 0.440486040625
0 0.37271796562500004 0.39692521406250003 0.3701378796875 0.3673221375 0.2242252125 0.38003929687500004 0.226805296875 0.40964237499999995 0.37271796562500004 0.39692521406250003
0 0.1848958328125 0.3515625 0.1744974765625 0.327325625 0.129147384375 0.3467821921875 0.139545740625 0.3710190671875 0.1848958328125 0.3515625
0 0.8204800593750001 0.3691749109375 0.8177232156249999 0.336476090625 0.7113814265625 0.3454417875 0.7141382703125 0.3781406078125 0.8204800593750001 0.3691749109375
0 0.7994791671875 0.5130208328125 0.7970687671875 0.47016452031249995 0.5236753281250001 0.48554119375000004 0.526085728125 0.5283975062499999 0.7994791671875 0.5130208328125
0 0.513654234375 0.49998785312500005 0.5116617921875 0.45906745156250006 0.2125061734375 0.4736335484375 0.214498615625 0.5145539484375 0.513654234375 0.49998785312500005