0 0.7566666671875 0.6964285718750001 0.71 0.6964285718750001 0.71 0.7321428578125 0.7566666671875 0.7321428578125 0.7566666671875 0.6964285718750001
0 0.48666666718749996 0.672619046875 0.43 0.672619046875 0.43 0.7142857140625 0.48666666718749996 0.7142857140625 0.48666666718749996 0.672619046875
0 0.71 0.5119047625 0.6366666671875 0.5119047625 0.6366666671875 0.5714285718750001 0.71 0.5714285718750001 0.71 0.5119047625
0 0.7893644937500001 0.8667779390625 0.7631824890625001 0.77327080625 0.7075445078125 0.7888494453125 0.7337265125 0.882356578125 0.7893644937500001 0.8667779390625
0 0.4533333328125 0.559523809375 0.37333333281250003 0.559523809375 0.37333333281250003 0.6369047625 0.4533333328125 0.6369047625 0.4533333328125 0.559523809375
0 0.6948802374999999 0.865857528125 0.6552253328125001 0.7950452375 0.5435728859375 0.8575706406249999 0.583227790625 0.92838293125 0.6948802374999999 0.865857528125
0 0.6909537828125 0.48451076875 0.652017296875 0.4234583578125 0.5130708171875 0.5120721828125 0.552007303125 0.57312459375 0.6909537828125 0.48451076875
0 0.7073044703125 0.6654304171875001 0.6628112796875001 0.6124835187500001 0.5221191171874999 0.7307122265625 0.566612309375 0.783659125 0.7073044703125 0.6654304171875001
0 0.0007791203125 0.0012166812500000001 0.00066079375 0.0011835484375 0.0005567703125 0.0015550625 0.000675096875 0.00158819375 0.0007791203125 0.0012166812500000001
0 0.067083334375 1 0.196224915625 0.832283659375 0.10938121249999999 0.7654140093749999 0 0.9074675328125 0 1 0.067083334375 1
0 0.0005913421875 0.001080825 0.00043860625 0.0009997953125 0.0001630765625 0.0015191484374999999 0.00031581093749999997 0.001600178125 0.0005913421875 0.001080825
0 0.89 1 0.89 0.7142857140625 0.6466666671875 0.7142857140625 0.6466666671875 1 0.89 1