0 0.26786931875 0.38860997343750003 0.266248125 0.36487570156250004 0.186991171875 0.370289428125 0.188612365625 0.39402370000000003 0.26786931875 0.38860997343750003
0 0.3442329546875 0.24106898906250002 0.3401891765625 0.2168504328125 0.27473463124999997 0.22777939531250002 0.278778409375 0.25199795156250004 0.3442329546875 0.24106898906250002
0 0.32241477343749997 0.3285006828125 0.281538484375 0.3148504359375 0.27150568124999996 0.344894125 0.31238197031250003 0.358544371875 0.32241477343749997 0.3285006828125
0 0.6933238640625 0.42139685781249997 0.6533238640625 0.42139685781249997 0.6533238640625 0.45418374375 0.6933238640625 0.45418374375 0.6933238640625 0.42139685781249997
0 0.4824147734375 0.4651127046875 0.442249965625 0.4470056203125 0.4242329546875 0.486970628125 0.4643977625 0.5050777125 0.4824147734375 0.4651127046875
0 0.685276415625 0.1779551578125 0.6676626859375 0.1398614625 0.6138919515625 0.1647239296875 0.63150568125 0.2028176234375 0.685276415625 0.1779551578125
0 0.14786931875 0.3394296453125 0.14631779218750002 0.307423065625 0.03359051875 0.3128875453125 0.035142045312499995 0.344894125 0.14786931875 0.3394296453125
0 0.6860511359375 0.273855875 0.6574524015625001 0.19535235 0.469731240625 0.2637389296875 0.49832997343749996 0.3422424546875 0.6860511359375 0.273855875
0 0 0.7390625 0.07150568125 0.7390625 0.07150568125 0.667298496875 0 0.667298496875 0 0.7390625
0 0.300596590625 0.492435109375 0.253608775 0.4187313640625 0.043658270312500004 0.5525795921875 0.0906460859375 0.6262833375 0.300596590625 0.492435109375
0 0.7 0.2793203546875 0.5333238640625 0.2793203546875 0.5333238640625 0.332240615625 0.7 0.332240615625 0.7 0.2793203546875
0 0.7 0.351372059375 0.6169602265624999 0.351372059375 0.6169602265624999 0.5088285515625001 0.7 0.5088285515625001 0.7 0.351372059375