0 0.48740985625000005 0.5362680281250001 0.385997596875 0.46865985625000006 0.3162860578125 0.5732271640625 0.41769831718750006 0.6408353359375 0.48740985625000005 0.5362680281250001
0 0.47734375 0.3296875 0.36015625 0.3296875 0.36015625 0.4126953125 0.47734375 0.4126953125 0.47734375 0.3296875
0 0.233203125 0.353125 0.166796875 0.353125 0.166796875 0.4322265625 0.233203125 0.4322265625 0.233203125 0.353125
0 0.3640625 0.210546875 0.256640625 0.210546875 0.256640625 0.2916015625 0.3640625 0.2916015625 0.3640625 0.210546875
0 0.483203125 0.13046875 0.408984375 0.13046875 0.408984375 0.1880859375 0.483203125 0.1880859375 0.483203125 0.13046875
0 0.5924437359375 0.2257239109375 0.54538955 0.20038704062499998 0.526198753125 0.2360270921875 0.5732529390625001 0.2613639625 0.5924437359375 0.2257239109375
0 0.46343748125 0 0.46343748125 0.051560465624999996 0.5776041671875001 0.051560465624999996 0.5776041671875001 0 0.46343748125 0
0 0.8661216140624999 0.42440824218750006 0.7773747109375 0.2888661734375 0.5003155953125 0.4702721328125 0.5890625 0.6058142 0.8661216140624999 0.42440824218750006
0 0.5890625 1 0.5890625 0.6982730265625 0.1905780078125 0.6982730265625 0.1905780078125 1 0.5890625 1
0 0.5204045796875 0.833105628125 0.5198167312499999 0.8125309062499999 0.4591519671875 0.814264184375 0.45973981718749996 0.8348389062500001 0.5204045796875 0.833105628125
0 0.574609375 1 0.574609375 0.73125 0.238671875 0.73125 0.238671875 1 0.574609375 1
0 0.24136075156249998 0.65 0.1305333171875 0.65 0.1305333171875 0.683358940625 0.24136075156249998 0.683358940625 0.24136075156249998 0.65
0 0.33142844375 0.6802023687500001 0.2533275625 0.621146509375 0.1607683046875 0.7435553546875 0.2388691859375 0.8026112140624999 0.33142844375 0.6802023687500001
0 0.0004811125 0.0010385828125 0.000292903125 0.0010099734375000002 0.0002089125 0.0015625 0.000397121875 0.001591109375 0.0004811125 0.0010385828125
0 0.8498263890625 0.65 0.6067708328125 0.65 0.6067708328125 0.7085262343750001 0.8498263890625 0.7085262343750001 0.8498263890625 0.65