0 0.8945454546875 0.35519125625000003 0.8363636359375001 0.35519125625000003 0.8363636359375001 0.3770491796875 0.8945454546875 0.3770491796875 0.8945454546875 0.35519125625000003
0 0.33818181875 0.5792349734375 0.336560625 0.5555007015625 0.25730367187500003 0.560914428125 0.258924865625 0.5846487 0.33818181875 0.5792349734375
0 0.41454545468750004 0.4316939890625 0.4105016765625 0.4074754328125 0.34504713124999997 0.4184043953125 0.349090909375 0.4426229515625 0.41454545468750004 0.4316939890625
0 0.39272727343749997 0.5191256828124999 0.351850984375 0.5054754359375 0.34181818124999996 0.535519125 0.38269447031250003 0.5491693718749999 0.39272727343749997 0.5191256828124999
0 0.7636363640625 0.6120218578125 0.7236363640625 0.6120218578125 0.7236363640625 0.64480874375 0.7636363640625 0.64480874375 0.7636363640625 0.6120218578125
0 0.5527272734374999 0.6557377046874999 0.5125624656250001 0.6376306203125 0.4945454546875 0.677595628125 0.5347102625 0.6957027124999999 0.5527272734374999 0.6557377046874999
0 0.755588915625 0.3685801578125 0.7379751859375 0.3304864625 0.6842044515625 0.3553489296875 0.70181818125 0.3934426234375 0.755588915625 0.3685801578125
0 0.21818181874999998 0.5300546453125 0.2166302921875 0.49804806562500004 0.10390301875 0.5035125453125 0.10545454531250001 0.535519125 0.21818181874999998 0.5300546453125
0 0.7563636359375 0.464480875 0.7277649015625001 0.38597735 0.540043740625 0.4543639296875 0.5686424734375 0.5328674546875 0.7563636359375 0.464480875
0 0 0.9398907109374999 0.14181818125 0.9398907109374999 0.14181818125 0.857923496875 0 0.857923496875 0 0.9398907109374999
0 0.370909090625 0.6830601093750001 0.323921275 0.6093563640624999 0.1139707703125 0.7432045921875 0.1609585859375 0.8169083374999999 0.370909090625 0.6830601093750001
0 0.9103081890625001 0.3858942203125 0.891913171875 0.34305055 0.8225819031249999 0.37281807499999997 0.8409769203125 0.41566174375 0.9103081890625001 0.3858942203125
0 0.8763636359375001 0.4699453546875 0.6036363640625 0.4699453546875 0.6036363640625 0.5245901640625 0.8763636359375001 0.5245901640625 0.8763636359375001 0.4699453546875
0 0.84925324375 0.537909846875 0.7734032828124999 0.5018564875 0.6872727265624999 0.6830601093750001 0.7631226875 0.71911346875 0.84925324375 0.537909846875