0 0.5390625 0.28889802656249997 0.27026550781249997 0.28889802656249997 0.27026550781249997 0.5890625 0.5390625 0.5890625 0.5390625 0.28889802656249997
0 0.5390625 0.321875 0.318359375 0.321875 0.318359375 0.5890625 0.5390625 0.5890625 0.5390625 0.321875
0 0.34444480624999996 0.22139860156250002 0.287838875 0.15713053906250002 0.1997984578125 0.2346746515625 0.256404390625 0.2989427140625 0.34444480624999996 0.22139860156250002
0 0.41111594374999993 0.27082736875 0.3330150625 0.21177150937500003 0.2404558046875 0.3341803546875 0.31855668593750003 0.3932362140625 0.41111594374999993 0.27082736875
0 0.387643346875 0.25538072343749996 0.2677572640625 0.237018265625 0.213836096875 0.5890625 0.3337221796875 0.6074249578125 0.387643346875 0.25538072343749996
0 0.388204153125 0.0710102609375 0.259252678125 0.0676714515625 0.258341334375 0.10286936093750002 0.387292809375 0.1062081703125 0.388204153125 0.0710102609375
0 0.001619484375 0.00028270625 0.0015592437500000001 0.0001055796875 0.0011959109375 0.00022915 0.00125615 0.00040627500000000005 0.001619484375 0.00028270625
0 0.7455526328125 0.36576264687500004 0.5404826125 0.3547536015625 0.5315746734375 0.5206854562500001 0.73664469375 0.531694503125 0.7455526328125 0.36576264687500004
0 0.0015916625 0.000265625 0.0015622171875 0.00013462812500000001 0.0011446359375 0.000228490625 0.0011740812499999999 0.0003594875 0.0015916625 0.000265625
0 1 0.5890625 0.787847221875 0.5890625 0.787847221875 0.720100309375 1 0.720100309375 1 0.5890625
0 1 0.7941743828125001 0.7974623375000001 0.7941743828125001 0.7974623375000001 1 1 1 1 0.7941743828125001