0 0.454265203125 0.1934706125 0.361172109375 0.1934706125 0.361172109375 0.25307326093750004 0.454265203125 0.25307326093750004 0.454265203125 0.1934706125
0 0.5773883265624999 0.484861340625 0.48729823593750005 0.484861340625 0.48729823593750005 0.5890625 0.5773883265624999 0.5890625 0.5773883265624999 0.484861340625
0 0.5263247265625 0.45817755625 0.5128177593750001 0.24966934375 0.45044543125000003 0.25370976562499997 0.46395239843749997 0.46221797656249997 0.5263247265625 0.45817755625
0 0.24765625 0.51875 0.13046875 0.51875 0.13046875 0.5890625 0.24765625 0.5890625 0.24765625 0.51875
0 0.134375 0.399609375 0.026953125 0.399609375 0.026953125 0.4806640625 0.134375 0.4806640625 0.134375 0.399609375
0 0.253515625 0.31953125 0.179296875 0.31953125 0.179296875 0.3771484375 0.253515625 0.3771484375 0.253515625 0.31953125
0 0.3627562359375 0.4147864109375 0.31570204999999996 0.389449540625 0.296511253125 0.42508959218750003 0.3435654390625 0.4504264625 0.3627562359375 0.4147864109375
0 0.1788065953125 0.16404065 0.107438928125 0.15875415625 0.10470508593750001 0.195661025 0.17607275312499998 0.20094751875 0.1788065953125 0.16404065
0 0.2671875 0.09296875 0.20859375 0.09296875 0.20859375 0.1212890625 0.2671875 0.1212890625 0.2671875 0.09296875
0 0.38828125 0.114453125 0.3375 0.114453125 0.3375 0.1369140625 0.38828125 0.1369140625 0.38828125 0.114453125
0 0.3550378046875 0.1911586703125 0.2362154 0.1657643703125 0.223242525 0.226465715625 0.3420649296875 0.25186001562500004 0.3550378046875 0.1911586703125
0 0.43053746562499995 0.1412139015625 0.2813467203125 0.12509000312500002 0.2765920671875 0.1690837125 0.42578281406249996 0.1852076109375 0.43053746562499995 0.1412139015625
0 0.36865988125000004 0.04807260625 0.225283471875 0.031239321874999997 0.218084371875 0.092557184375 0.3614607828125 0.10939046875 0.36865988125000004 0.04807260625
0 0.0016087609374999998 0.00047363125 0.001017559375 0.000358825 0.0009712999999999999 0.000597046875 0.0015625 0.000711853125 0.0016087609374999998 0.00047363125