0 0.8508083031250001 0.9006564125000001 0.791315790625 0.77900595 0.64941324375 0.8484026374999999 0.70890575625 0.9700531 0.8508083031250001 0.9006564125000001
0 0.5290322578125 0.5092024546875 0.358064515625 0.5092024546875 0.358064515625 0.6196319015625 0.5290322578125 0.6196319015625 0.5290322578125 0.5092024546875
0 0.5078125 0.556640625 0.38671875 0.556640625 0.38671875 0.6044921875 0.5078125 0.6044921875 0.5078125 0.556640625
0 0.217616971875 0.4912541 0.19649948281250001 0.49014265312500005 0.19514524375 0.5158731875 0.21626273281250002 0.516984634375 0.217616971875 0.4912541
0 0.126953125 0.3330078125 0.11005108125 0.329627403125 0.107421875 0.3427734375 0.12432391875 0.346153846875 0.126953125 0.3330078125
0 0.064453125 0.2705078125 0.0634765625 0.251953125 0.0428716328125 0.25303759531250003 0.0438481953125 0.27159228281250003 0.064453125 0.2705078125
0 0.0439453125 0.232421875 0.0236479203125 0.231353590625 0.0226713578125 0.249908278125 0.04296875 0.2509765625 0.0439453125 0.232421875
0 0.025379135937500002 0.22153033125000002 0.0244140625 0.208984375 0.007387407812500001 0.2102941171875 0.00835248125 0.2228400734375 0.025379135937500002 0.22153033125000002
0 0.4713541671875 0.9895833328125001 0.45886150625 0.5259395812500001 0.08850999375 0.5359185265625 0.1010026546875 0.9995622781250001 0.4713541671875 0.9895833328125001
0 0.7801880796875 0.628150575 0.68126238125 0.5533410953125 0.6497408640625 0.5950241562499999 0.7486665625 0.6698336359375 0.7801880796875 0.628150575
0 0.5935570968749999 0.44082919374999996 0.5722834609375 0.406389875 0.49276133906249997 0.4555117703125 0.5140349750000001 0.489951090625 0.5935570968749999 0.44082919374999996