0 0 0.43388514687499996 0.00039708437500000004 0.4382971953125 0.330526678125 0.40858553124999997 0.3078589953125 0.1567223890625 0 0.1844297 0 0.43388514687499996
0 0.6360416671875 0.187648809375 0.592847884375 0.06549005 0.3958687171875 0.13513937812500001 0.4390625 0.25729813749999997 0.6360416671875 0.187648809375
0 0.4390625 0.809394290625 0.404139871875 0.809394290625 0.404139871875 0.8464313265625 0.4390625 0.8464313265625 0.4390625 0.809394290625
0 0.3784163984375 0.8649498453125 0.3108922828125 0.8649498453125 0.3108922828125 0.9081597218749999 0.3784163984375 0.9081597218749999 0.3784163984375 0.8649498453125
0 0.2401527328125 0.8526041671875 0.1661977484375 0.8526041671875 0.1661977484375 0.889641203125 0.2401527328125 0.889641203125 0.2401527328125 0.8526041671875
0 0.3892603484375 0.7892454625 0.3557493703125 0.7150579734375 0.2430445890625 0.7659674671875 0.2765555671875 0.8401549562499999 0.3892603484375 0.7892454625
0 0.8232734890625 0.8684718124999999 0.7870906171875001 0.8546472250000001 0.7698936625 0.8996565390625 0.8060765328124999 0.9134811265625 0.8232734890625 0.8684718124999999
0 0.845491334375 0.740271928125 0.8150932203125001 0.7182357546875 0.7975991171875 0.7423682484375 0.82799723125 0.7644044203125 0.845491334375 0.740271928125
0 0.80471644375 0.7618123453125001 0.80340063125 0.7462693140625001 0.7887186984375 0.7475122296875 0.7900345109375 0.7630552609375 0.80471644375 0.7618123453125001
0 0.75390625 0.9396484375 0.740234375 0.9328125 0.7291015625 0.955078125 0.7427734375 0.9619140625 0.75390625 0.9396484375
0 0.785546875 0.9330078125 0.7748415390625001 0.9299491453125001 0.7709352890625001 0.9436210203125001 0.781640625 0.9466796875 0.785546875 0.9330078125
0 0.7728515625 0.88515625 0.7650390625 0.87734375 0.75625 0.8861328125 0.7640625 0.8939453125 0.7728515625 0.88515625
0 0.816796875 0.8490234375 0.8035892671875 0.8478227453124999 0.8029969265625001 0.8543384984375001 0.816204534375 0.855539190625 0.816796875 0.8490234375
0 0.832421875 0.7 0.81484375 0.7 0.81484375 0.7181640625 0.832421875 0.7181640625 0.832421875 0.7