0 0.559375 0.45150204531250004 0.5184375 0.45150204531250004 0.5184375 0.502306546875 0.559375 0.502306546875 0.559375 0.45150204531250004
0 0.5623263890625 0 0.5215601765625 0.0144144140625 0.559375 0.1213606375 0.7563541671875 0.051711309375 0.73806970625 0 0.5623263890625 0
0 0.25539452812499996 0.8247035437499999 0.1638296765625 0.8116437124999999 0.15430680000000002 0.878410328125 0.2458716515625 0.891470159375 0.25539452812499996 0.8247035437499999
0 0.4952180484375 0.7229228015625 0.3744745015625 0.7138814796874999 0.370617753125 0.7653869421875 0.4913613 0.774428265625 0.4952180484375 0.7229228015625
0 0.289036540625 1 0.289036540625 0.9688696171875 0.1423672125 0.9688696171875 0.1423672125 1 0.289036540625 1
0 0.42782072812500005 0.7557112218750001 0.41817933749999997 0.5528411078125 0.139818115625 0.5660702078125001 0.14945950624999998 0.7689403234375 0.42782072812500005 0.7557112218750001
0 0.188693090625 0.5669557421875 0.1679263171875 0.5669557421875 0.1679263171875 0.5884868421875 0.188693090625 0.5884868421875 0.188693090625 0.5669557421875
0 0.3851787140625 0.6363337328124999 0.3404502796875 0.6363337328124999 0.3404502796875 0.65308014375 0.3851787140625 0.65308014375 0.3851787140625 0.6363337328124999
0 0.3214442125 0.7481391046875 0.30862147812499996 0.7190278140624999 0.24983941875000001 0.744919715625 0.262662153125 0.7740310078125 0.3214442125 0.7481391046875
0 0.2267319375 1 0.227705121875 0.97660629375 0.14777220468750002 0.9732810687500001 0.1467420328125 0.9980446671875001 0.1937450046875 1 0.2267319375 1
0 0.4094312828125 0.619255240625 0.398601503125 0.579999140625 0.3034004484375 0.6062627390625 0.314230228125 0.645518840625 0.4094312828125 0.619255240625
0 0.48749841875 0.7352045609375 0.3954884328125 0.728795496875 0.391454353125 0.7867096703125 0.48346433906249997 0.7931187328125 0.48749841875 0.7352045609375
0 0.732882203125 0.8666437828125 0.559375 0.8666437828125 0.559375 0.9992686171875 0.732882203125 0.9992686171875 0.732882203125 0.8666437828125