0 0.2233333328125 0.5535714281249999 0.17333333281250002 0.5535714281249999 0.17333333281250002 0.5952380953125 0.2233333328125 0.5952380953125 0.2233333328125 0.5535714281249999
0 0.46333333281250005 0.6369047625 0.41333333281250006 0.6369047625 0.41333333281250006 0.6785714281249999 0.46333333281250005 0.6785714281249999 0.46333333281250005 0.6369047625
0 0.5033333328125 0.5178571421875 0.4533333328125 0.5178571421875 0.4533333328125 0.565476190625 0.5033333328125 0.565476190625 0.5033333328125 0.5178571421875
0 0.8699999999999999 0.9464285718750001 0.8233333328124999 0.9464285718750001 0.8233333328124999 0.99404761875 0.8699999999999999 0.99404761875 0.8699999999999999 0.9464285718750001
0 0.5966666671875 0.702380953125 0.5433333328125001 0.702380953125 0.5433333328125001 0.75 0.5966666671875 0.75 0.5966666671875 0.702380953125
0 0.35 0.6071428578125 0.27999999999999997 0.6071428578125 0.27999999999999997 0.6488095234375 0.35 0.6488095234375 0.35 0.6071428578125
0 0.5166666671875 0.815476190625 0.45 0.815476190625 0.45 0.8630952375 0.5166666671875 0.8630952375 0.5166666671875 0.815476190625
0 0.8066666671875 0.7738095234375 0.7366666671875 0.7738095234375 0.7366666671875 0.8333333328125001 0.8066666671875 0.8333333328125001 0.8066666671875 0.7738095234375
0 0.75 0.38095238125 0.6433333328125 0.38095238125 0.6433333328125 0.42261904687499996 0.75 0.42261904687499996 0.75 0.38095238125
0 0.6666666671875 0.8333333328125001 0.5966666671875 0.8333333328125001 0.5966666671875 0.9047619046875001 0.6666666671875 0.9047619046875001 0.6666666671875 0.8333333328125001
0 0.925486159375 0.3531126421875 0.874305653125 0.30741576249999997 0.78706884375 0.40512099218750003 0.8382493500000001 0.450817871875 0.925486159375 0.3531126421875
0 0.3860655671875 0.7568838296875 0.35195713125 0.704356840625 0.21898445937500002 0.7907027328125 0.2530928953125 0.8432297234374999 0.3860655671875 0.7568838296875
0 0.9199999999999999 0.5357142859375 0.79 0.5357142859375 0.79 0.702380953125 0.9199999999999999 0.702380953125 0.9199999999999999 0.5357142859375