0 0.1499300375 0.5827460109375 0.1415649328125 0.5494936781249999 0.07614744375 0.56595039375 0.08451254999999999 0.5992027265625001 0.1499300375 0.5827460109375
0 0.339744603125 0.6170572125 0.3237990375 0.5791723578125 0.2251547671875 0.6206912890625 0.241100334375 0.6585761437500001 0.339744603125 0.6170572125
0 0.42866187499999997 0.38205689062500003 0.421491659375 0.30828571875 0.21738668749999998 0.3281237734375 0.224556903125 0.401894946875 0.42866187499999997 0.38205689062500003
0 0.471245765625 0.48697794375000003 0.45926778749999997 0.3692577390625 0.08846731875 0.40698652031250004 0.10044529687499999 0.5247067249999999 0.471245765625 0.48697794375000003
0 0.6540865390625 0.1545673078125 0.459375 0.1545673078125 0.459375 0.3300480765625 0.6540865390625 0.3300480765625 0.6540865390625 0.1545673078125
0 0.8091161250000001 0.10904215937499999 0.66029955625 0.09044008906249999 0.6521634625 0.155528846875 0.8009800296874999 0.1741309171875 0.8091161250000001 0.10904215937499999
0 0.0016188609375 0.00036571875 0.0013751140625 0.00025738750000000004 0.0013171859375000002 0.000387725 0.0015609328125000001 0.00049605625 0.0016188609375 0.00036571875
0 0.6829326921875001 0 0.6829326921875001 0.036778846875 0.8247596156249999 0.036778846875 0.8247596156249999 0 0.6829326921875001 0
0 0.3078193734375 0.8791724953125 0.267278065625 0.874472053125 0.26485664999999997 0.8953567687499999 0.30539795625 0.900057209375 0.3078193734375 0.8791724953125
0 1 0.74268904375 0.773090278125 0.74268904375 0.773090278125 1 1 1 1 0.74268904375
0 0.585590278125 0.6296875 0.47859664375 0.6296875 0.47859664375 0.6624421296875 0.585590278125 0.6624421296875 0.585590278125 0.6296875