0 0.3279634609375 0.7027679921875001 0.26220048125 0.679050190625 0.21672351562499997 0.8051453859375 0.28248649531250003 0.8288631875 0.3279634609375 0.7027679921875001
0 0.4265255859375 0.5865688718750001 0.316277765625 0.5101470875 0.2573971140625 0.5950896671875 0.3676449359375 0.6715114515625 0.4265255859375 0.5865688718750001
0 0.8510652796875 0.8149472281250001 0.70472514375 0.7796636375 0.6747039796875 0.9041776374999999 0.8210441156250001 0.9394612296875 0.8510652796875 0.8149472281250001
0 0.732489328125 0.3469987421875 0.692145196875 0.227677915625 0.507882528125 0.289979840625 0.548226659375 0.4093006671875 0.732489328125 0.3469987421875
0 0.6655737703125 0.775757575 0.5049180328125 0.775757575 0.5049180328125 0.915151515625 0.6655737703125 0.915151515625 0.6655737703125 0.775757575
0 0.73692315625 0.45947553750000003 0.5122895421875 0.4248728828125 0.49450672500000004 0.5403154296875 0.7191403390625 0.5749180828125 0.73692315625 0.45947553750000003
0 0 0.7636363640625 0.1442622953125 0.7636363640625 0.1442622953125 0.48484848437499994 0 0.48484848437499994 0 0.7636363640625
0 0 0 0 0.4 0.30491803281249996 0.4 0.30491803281249996 0 0 0
0 0.7858303375 0.6197715015624999 0.7164771156249999 0.6151479531249999 0.7090794390624999 0.7261131078124999 0.7784326609375001 0.7307366562500001 0.7858303375 0.6197715015624999
0 0.68671875 0.7193359375 0.65390625 0.7029296875 0.633203125 0.7443359375 0.666015625 0.7607421875 0.68671875 0.7193359375
0 0.5588088046874999 0.7214716828125 0.5254822875 0.7142267875 0.5193479234375 0.7424448609375001 0.5526744421875 0.74968975625 0.5588088046874999 0.7214716828125
0 0.42117417343749997 0.786787684375 0.41870404375000003 0.7546760109374999 0.365234375 0.7587890625 0.367704503125 0.7909007359375 0.42117417343749997 0.786787684375
0 0.521806590625 0.8929499125 0.4549046234375 0.8881712015625001 0.44904029218749997 0.9702718515625 0.5159422593749999 0.9750505625000001 0.521806590625 0.8929499125
0 0.647460975 1 0.76953125 0.9990234375 0.7689544125000001 0.9269186765624999 0.6463060109375001 0.9278998640625 0.6468828125 1 0.647460975 1
0 0.162109375 0.7265625 0.08203125 0.7265625 0.08203125 0.830078125 0.162109375 0.830078125 0.162109375 0.7265625
0 0.295211828125 0.6478413562500001 0.2564694359375 0.6063316515625 0.18256615625 0.675308046875 0.221308546875 0.7168177515624999 0.295211828125 0.6478413562500001
0 0.2669921875 0.5310546875 0.2606978890625 0.3925801390625 0.13923365000000001 0.398101240625 0.1455279484375 0.5365757890625 0.2669921875 0.5310546875
0 0.46153125 0.49185156250000006 0.4145625 0.4240078125 0.3478359375 0.470203125 0.39480468750000003 0.538046875 0.46153125 0.49185156250000006
0 0.40625 0.337890625 0.302734375 0.337890625 0.302734375 0.4560546875 0.40625 0.4560546875 0.40625 0.337890625
0 0.525154903125 0.4090786640625 0.5221376609374999 0.35778556093749997 0.43008485937499996 0.36320043125 0.43310210156249995 0.41449353437500003 0.525154903125 0.4090786640625
0 0.4436466 0.167164521875 0.388499540625 0.1340762875 0.32456341875 0.2406364890625 0.379710478125 0.273724725 0.4436466 0.167164521875
0 0.5160006015625 0.6493389421875 0.51141826875 0.626427284375 0.4839993984375 0.6319110578125 0.48858173125000004 0.654822715625 0.5160006015625 0.6493389421875
0 0.4968151234375 0.7268861203125 0.49560903281249996 0.6822607781250001 0.42693031406250004 0.684116959375 0.42813640468749997 0.7287423015625001 0.4968151234375 0.7268861203125
0 0.4962563953125 0.68376265 0.4281055375 0.682476784375 0.42579723593749996 0.8048167812499999 0.4939480921875 0.8061026468750001 0.4962563953125 0.68376265
0 0.4239200375 0.650172334375 0.4013671875 0.6484375 0.39932215000000004 0.675022978125 0.421875 0.6767578125 0.4239200375 0.650172334375
0 0.9266411124999999 0.455763940625 0.8089527734375 0.3695591078125 0.6903796140625 0.531437246875 0.8080679515625 0.61764208125 0.9266411124999999 0.455763940625
0 0.71309615625 0.1448935421875 0.63596978125 0.1430124109375 0.6336717828125 0.237230371875 0.71079815625 0.2391115015625 0.71309615625 0.1448935421875
0 0.6383546484375 0.1883832609375 0.5829456109375 0.17208648437500002 0.56481389375 0.233734325 0.6202229296875 0.2500311 0.6383546484375 0.1883832609375
0 0.6400115640624999 0.0866108703125 0.6074148234375001 0.079524621875 0.5950932140625 0.13620402812500002 0.627689953125 0.143290275 0.6400115640624999 0.0866108703125
0 0.7138671875 0.103515625 0.6766684734374999 0.0990517796875 0.6737387859374999 0.12346584218750001 0.7109375 0.1279296875 0.7138671875 0.103515625
0 0.68989089375 0.0963092671875 0.6887661640625 0.077188846875 0.657623921875 0.07902074375 0.658748653125 0.0981411640625 0.68989089375 0.0963092671875
0 0.7015846109375 0.0612507375 0.7009507671875 0.0466723171875 0.6698444875 0.0480247640625 0.67047833125 0.062603184375 0.7015846109375 0.0612507375
0 0.6546760109374999 0.024655331250000002 0.62358685625 0.0048713234375 0.5916590078125 0.0550436578125 0.6227481625 0.074827665625 0.6546760109374999 0.024655331250000002
0 0.62890625 0.0009765625 0.6005859375 0 0.5999642781250001 0.0180281328125 0.6282845906250001 0.0190046953125 0.62890625 0.0009765625
0 0.8477861484375 0.24888425937499997 0.84714129375 0.23018343593749999 0.810546875 0.2314453125 0.8111917312499999 0.2501461359375 0.8477861484375 0.24888425937499997
0 0.8658942140624999 0.21967377500000002 0.840239653125 0.215398015625 0.8376002953125001 0.23123416406250002 0.86325485625 0.2355099234375 0.8658942140624999 0.21967377500000002
0 0.8999104796875 0.368547375 0.817520628125 0.258228759375 0.754037034375 0.3056405578125 0.8364268859375 0.4159591734375 0.8999104796875 0.368547375
0 0.853515625 0.15234375 0.8046875 0.15234375 0.8046875 0.2001953125 0.853515625 0.2001953125 0.853515625 0.15234375
0 0.856961584375 0.125192825 0.8489687 0.09801701874999999 0.8156598328125 0.10781374375 0.8236527171875 0.13498954999999999 0.856961584375 0.125192825
0 0.8685259234375 0.0383341375 0.80475476875 0.0361351328125 0.803137990625 0.0830217296875 0.8669091453125001 0.0852207359375 0.8685259234375 0.0383341375
0 0.6505859375 0.616796875 0.6396484375 0.615234375 0.6375 0.6302734375 0.6484375 0.6318359375 0.6505859375 0.616796875
0 0 0.4853515625 0.048828125 0.4853515625 0.048828125 0.412109375 0 0.412109375 0 0.4853515625
0 0.412109375 0.71484375 0.3671875 0.71484375 0.3671875 0.7548828125 0.412109375 0.7548828125 0.412109375 0.71484375
0 0.375 0.1513671875 0.3701171875 0.134765625 0.35637067031249997 0.13880871875 0.36125348281249997 0.15541028125 0.375 0.1513671875
0 0.357421875 0.2626953125 0.34415598593749996 0.259633953125 0.33984375 0.2783203125 0.35310963906250004 0.281381671875 0.357421875 0.2626953125
0 0.30078125 0.1943359375 0.2978515625 0.1796875 0.28545673125 0.182166465625 0.28838641875 0.196814903125 0.30078125 0.1943359375
0 0.37517610156250003 0.10252305312500001 0.3740234375 0.08984375 0.3534195703125 0.09171682812500001 0.354572234375 0.1043961328125 0.37517610156250003 0.10252305312500001
0 0.897510228125 0.0646934140625 0.87109375 0.0615234375 0.8696335265625 0.0736919609375 0.8960500046875 0.0768619375 0.897510228125 0.0646934140625
0 0.8717672406249999 0.047582165625 0.87066945 0.0289197203125 0.8454808734375 0.030401401562500003 0.8465786640624999 0.049063846875 0.8717672406249999 0.047582165625
0 0.921875 0.0791015625 0.9208379421874999 0.06354570000000001 0.902041275 0.06479881093749999 0.9030783328125 0.0803546734375 0.921875 0.0791015625