0 0.5890625 0.2831822421875 0.23041034843750002 0.2831822421875 0.23041034843750002 0.46875 0.5890625 0.46875 0.5890625 0.2831822421875
0 0.6008987703125 0 0.5770056484375 0.22713215625 0.8285268374999999 0.2535908765625 0.8541487999999999 0.01002405625 0.7588583875 0 0.6008987703125 0
0 0.943290440625 0.335903459375 0.6809375 0.335903459375 0.6809375 0.46875 0.943290440625 0.46875 0.943290440625 0.335903459375
0 0.5890625 1 0.5890625 0.808984375 0.08694968125 0.808984375 0.08694968125 1 0.5890625 1
1 0.5059566281250001 0.7793374531249999 0.5047035984375 0.7133637953124999 0.32088394062500003 0.7168550609375 0.322136971875 0.78282871875 0.5059566281250001 0.7793374531249999
0 1 0.692637309375 0.858545071875 0.692637309375 0.858545071875 0.8852858265625001 1 0.8852858265625001 1 0.692637309375
0 1 0.5681233125 0.9551956781250001 0.5681233125 0.9551956781250001 0.65114379375 1 0.65114379375 1 0.5681233125
0 0.79507123125 0.8872931984375001 0.7488855703125 0.8103170953125 0.657835478125 0.8649471500000001 0.7040211390625 0.9419232531249999 0.79507123125 0.8872931984375001
0 1 0.5770665328125 0.9578125 0.5770665328125 0.9578125 0.63671875 1 0.63671875 1 0.5770665328125
0 0.8530007390625001 0.6308966328125 0.8521962953125 0.581825546875 0.7229725703125001 0.58394396875 0.7237770140625 0.6330150546875 0.8530007390625001 0.6308966328125
0 0.865234375 0.9615234375 0.855078125 0.9310546875 0.78828125 0.9533203125 0.7984375 0.9837890625 0.865234375 0.9615234375