0 0.3 0.184523809375 0.24333333281249997 0.184523809375 0.24333333281249997 0.22619047656250002 0.3 0.22619047656250002 0.3 0.184523809375
0 0.08 0.24404761874999997 0.013333332812500001 0.24404761874999997 0.013333332812500001 0.28571428593750003 0.08 0.28571428593750003 0.08 0.24404761874999997
0 0 0.4166666671875 0.06 0.4166666671875 0.06 0.3630952375 0 0.3630952375 0 0.4166666671875
0 0.19 0.434523809375 0.1233333328125 0.434523809375 0.1233333328125 0.48809523749999995 0.19 0.48809523749999995 0.19 0.434523809375
0 0.24 0.5357142859375 0.1833333328125 0.5357142859375 0.1833333328125 0.6071428578125 0.24 0.6071428578125 0.24 0.5357142859375
0 0.9166666671874999 1 0.9166666671874999 0.952380953125 0.8233333328124999 0.952380953125 0.8233333328124999 1 0.9166666671874999 1
0 0.3013725484375 0.68403361875 0.28251885625 0.6312432671875 0.1897586734375 0.664371896875 0.208612365625 0.717162246875 0.3013725484375 0.68403361875
0 0.37333333281250003 0.50595238125 0.27 0.50595238125 0.27 0.577380953125 0.37333333281250003 0.577380953125 0.37333333281250003 0.50595238125
0 0 0.5505952375 0.08112846093750001 0.6230313609375 0.121050390625 0.5783187984375 0.0177430796875 0.48608013124999994 0 0.50595238125 0 0.5505952375
0 0.8 0 0.8 0.059523809375 0.9366666671875 0.059523809375 0.9366666671875 0 0.8 0
0 0.49840120624999995 0.6994290015625 0.412066365625 0.6685951296875 0.3607843140625 0.8121848734375 0.44711915468749996 0.8430187468750001 0.49840120624999995 0.6994290015625
0 0.0566666671875 0 0.024563542187500002 0.057326999999999996 0.1996548890625 0.15537816875 0.24408445156249997 0.076039678125 0.10829933437499999 0 0.0566666671875 0
0 0.6 0.75595238125 0.52 0.75595238125 0.52 0.9583333328125001 0.6 0.9583333328125001 0.6 0.75595238125
0 0.6066666671875 0.17261904687500002 0.4733333328125 0.17261904687500002 0.4733333328125 0.3511904765625 0.6066666671875 0.3511904765625 0.6066666671875 0.17261904687500002
0 0.8573518281249999 0.891882365625 0.8523693375000001 0.7691137984374999 0.6695786499999999 0.7765322515624999 0.674561140625 0.8993008187499999 0.8573518281249999 0.891882365625
0 0.0015996 0.0004370703125 0.0012872328125000001 0.00025958906250000003 0.0012066109375 0.0004014828125 0.001518978125 0.0005789640625 0.0015996 0.0004370703125
0 0.44000000000000006 0.2619047625 0.21000000000000002 0.2619047625 0.21000000000000002 0.4702380953125 0.44000000000000006 0.4702380953125 0.44000000000000006 0.2619047625
0 0 0.0010416656249999999 0.0002878484375 0.0017025421875 0.0006200765625 0.0015578390625 0.00030839375 0.0008422406250000001 0 0.0009765625 0 0.0010416656249999999