0 0.31947115312499996 0.40240384687499997 0.24014423125 0.40240384687499997 0.24014423125 0.47451923125000006 0.31947115312499996 0.47451923125000006 0.31947115312499996 0.40240384687499997
0 0.47660770937499997 0.41531404375000003 0.46132895312500005 0.3274611859375 0.36424444375 0.344345446875 0.3795232 0.43219830468750003 0.47660770937499997 0.41531404375000003
0 0 0.36875 0.0454326921875 0.36875 0.0454326921875 0.3230769234375 0 0.3230769234375 0 0.36875
0 0.30392546875000004 0.1705242078125 0.2200471 0.16453289843750002 0.21715516406250002 0.2050200125 0.3010335328125 0.2110113234375 0.30392546875000004 0.1705242078125
0 0.151953125 0.45078125 0.132421875 0.45078125 0.132421875 0.4830078125 0.151953125 0.4830078125 0.151953125 0.45078125
0 0.089453125 0.3130859375 0.026395628124999997 0.30327699375 0.021306578125 0.3359923078125 0.0843640765625 0.3458012515625 0.089453125 0.3130859375
0 0.085546875 0.17734375 0.03671875 0.17734375 0.03671875 0.2076171875 0.085546875 0.2076171875 0.085546875 0.17734375
0 0.241796875 0.101171875 0.17734375 0.101171875 0.17734375 0.1294921875 0.241796875 0.1294921875 0.241796875 0.101171875
0 0.196091365625 0.245717965625 0.1036525953125 0.242465925 0.100593965625 0.329407 0.1930327375 0.33265904062499996 0.196091365625 0.245717965625
0 1 0.2024784484375 0.5390625 0.2024784484375 0.5390625 0.47403017187499996 1 0.47403017187499996 1 0.2024784484375
0 0.3102083328125 1 0.3102083328125 0.7293154765625001 0.10687500000000001 0.7293154765625001 0.10687500000000001 1 0.3102083328125 1