0 0.40790514375000003 0.4173271578125 0.1358835734375 0.3032535953125 0.1012983953125 0.385725940625 0.3733199671875 0.4997995015625 0.40790514375000003 0.4173271578125
0 0.3203125078125 0.5152807234375001 0.0867568046875 0.41631644218749997 0.05435854531249999 0.49277633437499996 0.2879142484375 0.591740615625 0.3203125078125 0.5152807234375001
0 0 0.5959201390625 0.0867835359375 0.6851143296875 0.14735107812499998 0.626183746875 0.01111561875 0.4861639703125 0 0.4969791671875 0 0.5959201390625
0 0.3791266609375 0.43802419062500003 0.17088295 0.2884406796875 0.11488689218749999 0.366395975 0.3231306015625 0.5159794859375 0.3791266609375 0.43802419062500003
0 0.4500276125 0.5080825265625 0.4490348078125 0.47730558125 0.39069078125 0.479187646875 0.39168358593749997 0.5099645921875 0.4500276125 0.5080825265625
0 0.383203125 0.58203125 0.3421875 0.58203125 0.3421875 0.595703125 0.383203125 0.595703125 0.383203125 0.58203125
0 0.1825743796875 0.585953553125 0.18174229375 0.5634872640624999 0.12106164374999999 0.5657346953125 0.12189372812499999 0.588200984375 0.1825743796875 0.585953553125
0 0.4796875 0.6351953124999999 0.4671875 0.6351953124999999 0.4671875 0.6387369796875 0.4796875 0.6387369796875 0.4796875 0.6351953124999999
0 0.5548630671875 0 0.3651492265625 0.5183438265625 0.651112603125 0.623006421875 0.874445371875 0.012807601562500001 0.839451925 0 0.5548630671875 0
0 0 0.8280178140625001 0.061776801562500004 0.8983913890625 0.143710165625 0.82646693125 0.0037053671875 0.6669792609375 0 0.670231984375 0 0.8280178140625001
0 1 0.756976221875 0.4796875 0.756976221875 0.4796875 1 1 1 1 0.756976221875