0 0.3 0.2826923078125 0.18846153906250002 0.2826923078125 0.18846153906250002 0.454927884375 0.3 0.454927884375 0.3 0.2826923078125
0 0.1980769234375 0 0.1980769234375 0.0574580875 0.3 0.0574580875 0.3 0 0.1980769234375 0
0 0.8119788265624999 0.097887365625 0.8068075171875 0.001050121875 0.5133822046875001 0.01671964375 0.5185535140625 0.1135568875 0.8119788265624999 0.097887365625
0 0.9169168921875 0.44909908906249996 0.868415240625 0.1463538890625 0.2722505375 0.24186316093750002 0.32075218906249997 0.544608359375 0.9169168921875 0.44909908906249996
0 0.7042652031250001 0.6340956125 0.611172109375 0.6340956125 0.611172109375 0.6936982609375 0.7042652031250001 0.6936982609375 0.7042652031250001 0.6340956125
0 0.8213823203124999 1 0.8213823203124999 0.9254863406249999 0.7372982359375 0.9254863406249999 0.7372982359375 1 0.8213823203124999 1
0 0.7763247265625 0.89880255625 0.7628177593750001 0.69029434375 0.70044543125 0.6943347656250001 0.7139523984375 0.9028429765625001 0.7763247265625 0.89880255625
0 0.49765625 1 0.49765625 0.959375 0.38603515625 0.959375 0.38603515625 1 0.49765625 1
0 0.384375 0.840234375 0.3 0.840234375 0.3 0.9212890625 0.384375 0.9212890625 0.384375 0.840234375
0 0.503515625 0.76015625 0.429296875 0.76015625 0.429296875 0.8177734375 0.503515625 0.8177734375 0.503515625 0.76015625
0 0.6127562359375001 0.8554114109375 0.56570205 0.830074540625 0.546511253125 0.8657145921874999 0.5935654390625 0.8910514624999999 0.6127562359375001 0.8554114109375
0 0.4288065953125 0.60466565 0.357438928125 0.59937915625 0.3547050859375 0.636286025 0.426072753125 0.64157251875 0.4288065953125 0.60466565
0 0.5171875 0.53359375 0.45859375 0.53359375 0.45859375 0.5619140625 0.5171875 0.5619140625 0.5171875 0.53359375
0 0.63828125 0.555078125 0.5875 0.555078125 0.5875 0.5775390625 0.63828125 0.5775390625 0.63828125 0.555078125
0 0.6050378046875 0.6317836703124999 0.4862154 0.6063893703125001 0.473242525 0.667090715625 0.5920649296875 0.692485015625 0.6050378046875 0.6317836703124999
0 0.680537465625 0.5818389015625 0.5313467203125 0.565715003125 0.5265920671875 0.6097087125 0.6757828140625 0.6258326109375 0.680537465625 0.5818389015625
0 0.6135416671875 0.509375 0.48175595624999995 0.509375 0.48175595624999995 0.5417215984375 0.6135416671875 0.5417215984375 0.6135416671875 0.509375