0 0.622596153125 0.40865384687499995 0.54326923125 0.40865384687499995 0.54326923125 0.48076923125000004 0.622596153125 0.48076923125000004 0.622596153125 0.40865384687499995
0 0.7797327093749999 0.42156404375 0.7644539531250001 0.33371118593750004 0.66736944375 0.350595446875 0.6826482 0.4384483046875 0.7797327093749999 0.42156404375
0 0.8832100593750001 0.6867233734375 0.8018491125 0.676553253125 0.786279584375 0.801109465625 0.86764053125 0.8112795859374999 0.8832100593750001 0.6867233734375
0 0.3485576921875 0.3052884609375 0.23076923124999998 0.3052884609375 0.23076923124999998 0.375 0.3485576921875 0.375 0.3485576921875 0.3052884609375
0 0.60705046875 0.1767742078125 0.5231721 0.1707828984375 0.5202801640625 0.2112700125 0.6041585328125 0.2172613234375 0.60705046875 0.1767742078125
0 0.536762290625 0.6436019609375 0.5342991140625 0.5746330109375 0.43962355625000005 0.57801428125 0.442086734375 0.64698323125 0.536762290625 0.6436019609375
0 0.28802162343750004 0.634369253125 0.27586362656249996 0.522515671875 0.1820753109375 0.5327100546875 0.194233309375 0.6445636343750001 0.28802162343750004 0.634369253125
0 0.455078125 0.45703125 0.435546875 0.45703125 0.435546875 0.4892578125 0.455078125 0.4892578125 0.455078125 0.45703125
0 0.392578125 0.3193359375 0.329520628125 0.30952699375 0.324431578125 0.3422423078125 0.3874890765625 0.3520512515625 0.392578125 0.3193359375
0 0.388671875 0.18359375 0.33984375 0.18359375 0.33984375 0.2138671875 0.388671875 0.2138671875 0.388671875 0.18359375
0 0.544921875 0.107421875 0.48046875 0.107421875 0.48046875 0.1357421875 0.544921875 0.1357421875 0.544921875 0.107421875
0 0.499216365625 0.251967965625 0.4067775953125 0.248715925 0.403718965625 0.335657 0.49615773750000003 0.338909040625 0.499216365625 0.251967965625