0 0.3399315765625 0.28866077031250004 0.0728052765625 0.23104529375 0.036629246875 0.398770525 0.303755546875 0.4563860015625 0.3399315765625 0.28866077031250004
0 0.48099112499999996 0.202792159375 0.33217455625 0.1841900890625 0.3240384625 0.24927884687500002 0.47285502968750004 0.26788091718749996 0.48099112499999996 0.202792159375
0 0.5890625 0.29944607031250003 0.5254807687499999 0.29944607031250003 0.5254807687499999 0.3703258546875 0.5890625 0.3703258546875 0.5890625 0.29944607031250003
0 0.06858974375 0 0.06858974375 0.024759615625000002 0.21057692343749998 0.024759615625000002 0.21057692343749998 0 0.06858974375 0
0 0.24663461562500003 0 0.24663461562500003 0.0415865390625 0.4293269234375 0.0415865390625 0.4293269234375 0 0.24663461562500003 0
0 0.4974517234375 0.07394850625 0.35569476718750004 0.0693756984375 0.3538381578125 0.1269305734375 0.4955951140625 0.1315033796875 0.4974517234375 0.07394850625
0 0.9862500000000001 0.4375 0.9395833328125001 0.4375 0.9395833328125001 0.491071428125 0.9862500000000001 0.491071428125 0.9862500000000001 0.4375
0 0.63625 0.25892857187499996 0.5995833328125 0.25892857187499996 0.5995833328125 0.3244047625 0.63625 0.3244047625 0.63625 0.25892857187499996
0 0.82266411875 0.2094757203125 0.7999907546875 0.17138446875 0.70491331875 0.227978184375 0.7275866828125 0.2660694359375 0.82266411875 0.2094757203125
0 0.9962500000000001 0.3422619046875 0.87625 0.3422619046875 0.87625 0.38392857187499996 0.9962500000000001 0.38392857187499996 0.9962500000000001 0.3422619046875
0 0.8317405593749999 0.0942750484375 0.801828303125 0.0272715921875 0.6535095937500001 0.0934852984375 0.68342185 0.16048875625 0.8317405593749999 0.0942750484375
0 0.6895833328125 0.252976190625 0.5890625 0.252976190625 0.5890625 0.3363095234375 0.6895833328125 0.3363095234375 0.6895833328125 0.252976190625