0 0 0.430141128125 0.28352134218749997 0.5033079265625 0.3157286578125 0.3785045734375 0.026237804687499998 0.30379725625 0 0.4054687484375 0 0.430141128125
0 0.6061656531249999 0.41498478906249997 0.3546335734375 0.3095035953125 0.3200483953125 0.39197594062499996 0.571580475 0.497457134375 0.6061656531249999 0.41498478906249997
0 0.5390625078125 0.5215307234375001 0.3055068046875 0.4225664421875 0.2731085453125 0.499026334375 0.5066642484375 0.597990615625 0.5390625078125 0.5215307234375001
0 0.37791526875 0.6139156875 0.154656040625 0.457634228125 0.09637164375 0.5408976515624999 0.319630871875 0.6971791109375001 0.37791526875 0.6139156875
0 0.5958561015625 0.4428228015625 0.38963295 0.2946906796875 0.33363689218750003 0.372645975 0.53986004375 0.5207780984375 0.5958561015625 0.4428228015625
0 0.5796875 0.58828125 0.5609375 0.58828125 0.5609375 0.601953125 0.5796875 0.601953125 0.5796875 0.58828125
0 0.4013243796875 0.592203553125 0.40049229375 0.5697372640625 0.33981164375 0.5719846953125 0.340643728125 0.594450984375 0.4013243796875 0.592203553125
0 0.1587020796875 0.6028149859374999 0.158329296875 0.5897676 0.1175144015625 0.5909337406249999 0.11788718437500001 0.603981125 0.1587020796875 0.6028149859374999
0 1 0.433792734375 0.8055583875 0.42615774687499997 0.8035909671875 0.476262421875 0.999070215625 0.483938153125 1 0.4602591734375 1 0.433792734375
0 1 0.61737065625 0.589570496875 0.570017425 0.579375325 0.658383078125 0.9952450562499999 0.706363975 1 0.665150959375 1 0.61737065625
0 1 0.715320953125 0.999783421875 0.7126439328124999 0.9169689453125001 0.719343846875 0.9234545187500001 0.7995089484375 1 0.7933162125 1 0.715320953125