0 0.49164135781249996 0.38751548750000003 0.19554616875 0.3262544125 0.166255975 0.46782368124999996 0.46235116249999997 0.5290847578125 0.49164135781249996 0.38751548750000003
0 0.3944191859375 0.167834271875 0.2313492578125 0.153009734375 0.2274269984375 0.196154584375 0.3904969265625 0.21097912343749997 0.3944191859375 0.167834271875
0 0.477556475 0.1764005625 0.359375 0.1392578125 0.35080359687499996 0.16653046093749999 0.468985071875 0.203673209375 0.477556475 0.1764005625
0 0.2116383265625 0.053975184375 0.0970818015625 0.04516314375 0.09299172812499999 0.09833410000000001 0.207548253125 0.10714613906249999 0.2116383265625 0.053975184375
0 0.251953125 0.2740234375 0.20537860624999998 0.264708534375 0.1944110578125 0.3195462734375 0.24098557656250003 0.32886117812500004 0.251953125 0.2740234375
0 0.13796746875000002 0.3463531 0.13479764375 0.31148501562500003 0.031073898437500004 0.320914446875 0.034243725 0.35578253125 0.13796746875000002 0.3463531
0 0.498046875 0.3169921875 0.4816977890625 0.29172541875 0.4635575453125 0.3034632234375 0.47990663125 0.3287299921875 0.498046875 0.3169921875
0 0.351707559375 0.27138127968750003 0.324897421875 0.2302724015625 0.3005895640625 0.2461253515625 0.3273997015625 0.2872342296875 0.351707559375 0.27138127968750003
0 0.111414546875 0.41008538437500003 0.1103515625 0.394140625 0.09077710156249999 0.3954455890625 0.09184008593750001 0.4113903484375 0.111414546875 0.41008538437500003
0 0.1434586328125 0.46534964062500006 0.1420818390625 0.45020491875 0.12658491249999998 0.45161372968749997 0.12796170625 0.46675845312500003 0.1434586328125 0.46534964062500006
0 0.174108303125 0.00947854375 0.140625 0.0083984375 0.1402128546875 0.0211749609375 0.1736961578125 0.022255067187499998 0.174108303125 0.00947854375
0 0.08203125 0.071875 0.052734375 0.071875 0.052734375 0.0904296875 0.08203125 0.0904296875 0.08203125 0.071875
0 0 0.0923828125 0.03125 0.0923828125 0.03125 0.06796875 0 0.06796875 0 0.0923828125
0 0.8179056499999999 0.4669024765625 0.6084920312500001 0.45303368437499997 0.6055526515625 0.49741723593750004 0.8149662687499999 0.511286028125 0.8179056499999999 0.4669024765625
0 0.37725694375 0.5 0.2427083328125 0.5 0.2427083328125 0.706462190625 0.37725694375 0.706462190625 0.37725694375 0.5