0 0.321033653125 0.316466346875 0.24170673125 0.316466346875 0.24170673125 0.38858173125 0.321033653125 0.38858173125 0.321033653125 0.316466346875
0 0.478170209375 0.32937654375 0.462891453125 0.2415236859375 0.36580694375 0.258407946875 0.38108569999999997 0.3462608046875 0.478170209375 0.32937654375
0 0 0.2828125 0.0469951921875 0.2828125 0.0469951921875 0.2371394234375 0 0.2371394234375 0 0.2828125
0 0.30548796875 0.0845867078125 0.2216096 0.07859539843749999 0.2187176640625 0.11908251249999999 0.3025960328125 0.1250738234375 0.30548796875 0.0845867078125
0 0.235199790625 0.5514144609375 0.2327366140625 0.4824455109375 0.13806105625 0.48582678125 0.140524234375 0.55479573125 0.235199790625 0.5514144609375
0 0.153515625 0.36484375 0.133984375 0.36484375 0.133984375 0.3970703125 0.153515625 0.3970703125 0.153515625 0.36484375
0 0.091015625 0.2271484375 0.027958128125 0.21733949375 0.022869078125 0.2500548078125 0.0859265765625 0.2598637515625 0.091015625 0.2271484375
0 0.087109375 0.09140625 0.03828125 0.09140625 0.03828125 0.1216796875 0.087109375 0.1216796875 0.087109375 0.09140625
0 0.243359375 0.015234375 0.17890625 0.015234375 0.17890625 0.0435546875 0.243359375 0.0435546875 0.243359375 0.015234375
0 0.197653865625 0.15978046562499998 0.10521509531249999 0.156528425 0.102156465625 0.2434695 0.19459523750000002 0.24672154062499999 0.197653865625 0.15978046562499998
0 0.8568749999999999 1 0.8568749999999999 0.65 0.4796875 0.65 0.4796875 1 0.8568749999999999 1
0 0.8568749999999999 1 0.8568749999999999 0.65 0.4796875 0.65 0.4796875 1 0.8568749999999999 1