0 0.51783571875 0.4055651328125 0.1989801140625 0.34385114375 0.174864496875 0.4684484953125 0.4937201015625 0.530162484375 0.51783571875 0.4055651328125
0 0.1673076921875 0.29362980781250003 0.0735576921875 0.26237980781250003 0.054326923437499994 0.32007211562500004 0.148076921875 0.35132211562500004 0.1673076921875 0.29362980781250003
0 0 0.24381009687500002 0.06298076875 0.24381009687500002 0.06298076875 0.19795673125 0 0.19795673125 0 0.24381009687500002
0 0.29166023281250003 0.2071738140625 0.2906390359375 0.1693895640625 0.1869595734375 0.17219171093750002 0.18798076875 0.20997596093749998 0.29166023281250003 0.2071738140625
0 0.51875 0.2243990390625 0.416346153125 0.2243990390625 0.416346153125 0.2697424453125 0.51875 0.2697424453125 0.51875 0.2243990390625
0 0.9336383265625001 0.21923634062500003 0.8435482359375 0.21923634062500003 0.8435482359375 0.35168667187499997 0.9336383265625001 0.35168667187499997 0.9336383265625001 0.21923634062500003
0 0.8075121953125001 0 0.8074674765625 0.000002896875 0.8202023984375 0.19659297656250002 0.8825747265624999 0.19255255625 0.8701013515625 0 0.8075121953125001 0
0 1 0.391421771875 0.8585632499999999 0.391421771875 0.8585632499999999 0.56875 1 0.56875 1 0.391421771875
0 0.58046875 0.40546875 0.51875 0.40546875 0.51875 0.5353515625 0.58046875 0.5353515625 0.58046875 0.40546875
0 0.60390625 0.253125 0.51875 0.253125 0.51875 0.3361328125 0.60390625 0.3361328125 0.60390625 0.253125
0 0.609765625 0.05390625 0.535546875 0.05390625 0.535546875 0.1115234375 0.609765625 0.1115234375 0.609765625 0.05390625
0 0.7190062359375 0.1491614109375 0.67195205 0.12382454062499999 0.652761253125 0.1594645921875 0.6998154390625 0.1848014625 0.7190062359375 0.1491614109375
0 0.404239246875 0.6499243124999999 0.2788312578125 0.625152371875 0.26817163593750004 0.6791167234375 0.393579625 0.7038886640625 0.404239246875 0.6499243124999999