0 0.5592880859375 0.6497936078125 0.5458033437500001 0.5580973593749999 0.170575375 0.6132779421875 0.18406011718749998 0.704974190625 0.5592880859375 0.6497936078125
0 0.841346153125 0.3076923078125 0.5985576921875 0.3076923078125 0.5985576921875 0.3798076921875 0.841346153125 0.3798076921875 0.841346153125 0.3076923078125
0 0.6716017484375 0.626462515625 0.56587216875 0.6180041484375 0.5632017593749999 0.651384265625 0.6689313390625 0.6598426328125 0.6716017484375 0.626462515625
0 0.21484375 0.9150390625 0.16228276875 0.9140084546875 0.16178885781250002 0.9391979125000001 0.2143498390625 0.9402285203125 0.21484375 0.9150390625
0 0.1808894234375 0.9151893031249999 0.17157451875000002 0.868614784375 0.1047175484375 0.8819861781249999 0.1140324515625 0.9285606968750001 0.1808894234375 0.9151893031249999
0 0.22348464375 0.8334186421875 0.22139008593749998 0.797811153125 0.15567079687500002 0.8016769937499999 0.15776535625000002 0.8372844828125 0.22348464375 0.8334186421875
0 0.194523515625 0.4805867109375 0.1867052140625 0.463145884375 0.147617575 0.4806679296875 0.155435875 0.49810875625 0.194523515625 0.4805867109375
0 0.403192165625 0.4699651796875 0.4019769859375 0.4444464078125 0.337112909375 0.4475351734375 0.3383280890625 0.4730539453125 0.403192165625 0.4699651796875
0 0.8009700875 0.2565176109375 0.8002578984375001 0.24298601562500002 0.7711444671875001 0.2445183015625 0.77185665625 0.258049896875 0.8009700875 0.2565176109375
0 0.269028171875 1 0.395634546875 0.9111061625 0.3664957921875 0.8696055140625001 0.23052619531250002 0.9650735296875 0.2550490359375 1 0.269028171875 1
0 0.980980603125 0.576084321875 0.9798828125 0.557421875 0.90981276875 0.5615436421875 0.9109105609375 0.5802060890625 0.980980603125 0.576084321875
0 0.930182828125 0.27562620781249997 0.9271746140625 0.2445413171875 0.8636940234375 0.2506846 0.8667022390625 0.281769490625 0.930182828125 0.27562620781249997
0 0.9213281249999999 0.2119921875 0.9190234374999999 0.195859375 0.8763671875 0.201953125 0.878671875 0.2180859375 0.9213281249999999 0.2119921875
0 0.578125 0.3515625 0.555753940625 0.3047993453125 0.4668353484375 0.347337175 0.48920640937500004 0.3941003296875 0.578125 0.3515625
0 0.7168829109375 0.7450535015625 0.688868496875 0.6847553140625 0.5337124734375001 0.7568404859375 0.5617268875 0.817138671875 0.7168829109375 0.7450535015625
0 0.6688537593749999 0.677744546875 0.5169985609375 0.6446359578124999 0.504876340625 0.7002354953125 0.6567315390624999 0.733344084375 0.6688537593749999 0.677744546875
0 0.4657357578125 0.10650440000000001 0.46081619687500003 0.07790666093750001 0.38109411875 0.09162095 0.3860136796875 0.1202186890625 0.4657357578125 0.10650440000000001