0 0.460448365625 0.40822118124999995 0.36645658124999997 0.380429503125 0.3563615421875 0.41457104375 0.45035332656250004 0.44236272187500003 0.460448365625 0.40822118124999995
0 0 0.43881928437499995 0.06243793125 0.4463176046875 0.06624375 0.4146268484375 0 0.406671478125 0 0.43881928437499995
0 0.29941625781250003 0.5334273609375 0.293871965625 0.487629809375 0.1779488625 0.5016635593750001 0.183493153125 0.5474611109375 0.29941625781250003 0.5334273609375
0 0.6200480765624999 0.52247401875 0.5300480765625 0.52247401875 0.5300480765625 0.5894486140625 0.6200480765624999 0.5894486140625 0.6200480765624999 0.52247401875
0 0.6155841828125 0.45337468124999997 0.509422015625 0.43327448593750006 0.500173175 0.48212361093749995 0.6063353421875 0.50222380625 0.6155841828125 0.45337468124999997
0 0.347851021875 0.40857364843750005 0.20134903906249998 0.40071928593750006 0.19892168906250002 0.44599495625 0.345423671875 0.45384931718750005 0.347851021875 0.40857364843750005
0 0.33235576875 0.6136980375000001 0.21620192343750003 0.6136980375000001 0.21620192343750003 0.66875 0.33235576875 0.66875 0.33235576875 0.6136980375000001
0 0.63302360625 0.2683066421875 0.52458326875 0.25163460312499997 0.518761759375 0.2894995828125 0.627202096875 0.306171621875 0.63302360625 0.2683066421875
0 0 0.66875 0.109278846875 0.66875 0.109278846875 0.6131415890625 0 0.6131415890625 0 0.66875
0 0.914485009375 0.281209240625 0.720599315625 0.10534919843749999 0.5989933625 0.2394197625 0.79287905625 0.41527980312499996 0.914485009375 0.281209240625
0 0.1317393109375 0.779033490625 0.031307834374999996 0.779033490625 0.031307834374999996 0.84278145 0.1317393109375 0.84278145 0.1317393109375 0.779033490625
0 0.0857160109375 0.87139379375 0.0594308234375 0.8547561546875 0.0371911015625 0.889891865625 0.0634762890625 0.906529503125 0.0857160109375 0.87139379375
0 0.2893125 0.784953125 0.225203125 0.773296875 0.22126562500000002 0.7949531249999999 0.285375 0.8066093750000001 0.2893125 0.784953125
0 0.1678515625 0.73375 0.165625 0.7181640625 0.108203125 0.7263671875 0.1104296875 0.741953125 0.1678515625 0.73375
0 0.272265625 0.7419921875 0.27192979375 0.7349397265625 0.24882370625 0.7360400171875 0.24915953750000003 0.743092478125 0.272265625 0.7419921875
0 0.1383336515625 0.8198075453125 0.13209317812500002 0.7636432921874999 0.0146198546875 0.776695884375 0.020860328125 0.8328601375 0.1383336515625 0.8198075453125
0 0.29765625 0.9177734375 0.2810546875 0.901171875 0.272265625 0.9099609375 0.2888671875 0.9265625 0.29765625 0.9177734375
0 0.605181309375 0.92053729375 0.5668816328124999 0.8943322531250001 0.5514077234375 0.9169479656249999 0.5897074 0.9431530078125 0.605181309375 0.92053729375
0 0.5112211046875 0.8155848671875001 0.475390625 0.8142578125 0.4747163953125 0.8324620078124999 0.510546875 0.8337890625 0.5112211046875 0.8155848671875001
0 0.3838146921875 0.7939930359375 0.358203125 0.7927734375 0.357699378125 0.803352128125 0.3833109453125 0.8045717265624999 0.3838146921875 0.7939930359375
0 0.43316865781249997 0.7546300546875 0.39364659999999996 0.744749540625 0.38876378749999996 0.764280790625 0.42828584531249997 0.7741613046875 0.43316865781249997 0.7546300546875
0 0.479296875 0.9099609375 0.47358490625 0.8996793921874999 0.465625 0.9041015625 0.47133696875000003 0.9143831078125 0.479296875 0.9099609375
0 0.4632066984375 0.786233240625 0.436328125 0.7830078125 0.43484017656249996 0.795407384375 0.46171875 0.7986328125 0.4632066984375 0.786233240625
0 0.18263591562499998 0.765349421875 0.1821516484375 0.7522741859375001 0.14906624531249998 0.753499571875 0.1495505140625 0.7665748078125 0.18263591562499998 0.765349421875
0 0.253136084375 0.70050995625 0.252380321875 0.6894361984375 0.2246093421875 0.6913315156250001 0.22536510625 0.7024052734375 0.253136084375 0.70050995625