0 0.1367955296875 0.5736297828125 0.10922897499999999 0.54214938125 0.038146115625 0.604394759375 0.0657126703125 0.6358751609375 0.1367955296875 0.5736297828125
0 0.707323365625 0.47697118125 0.61333158125 0.449179503125 0.6032365421875 0.48332104375 0.6972283265625 0.511112721875 0.707323365625 0.47697118125
0 0.31311875 0.48337684843749995 0.197037765625 0.46943640468750003 0.193231946875 0.5011271609375 0.30931293125 0.5150676046875 0.31311875 0.48337684843749995
0 0.5462912578125 0.6021773609375 0.540746965625 0.556379809375 0.4248238625 0.570413559375 0.430368153125 0.6162111109375 0.5462912578125 0.6021773609375
0 0.8669230765625 0.59122401875 0.7769230765625 0.59122401875 0.7769230765625 0.6581986140625 0.8669230765625 0.6581986140625 0.8669230765625 0.59122401875
0 0.8624591828125 0.52212468125 0.756297015625 0.5020244859375 0.747048175 0.5508736109375 0.8532103421875 0.5709738062499999 0.8624591828125 0.52212468125
0 0.594726021875 0.4773236484375 0.44822403906249997 0.46946928593750004 0.44579668906250003 0.51474495625 0.592298671875 0.5225993171875001 0.594726021875 0.4773236484375
0 0.5797067921875 0.6837043281249999 0.4638631375 0.6819298453125 0.462576359375 0.7659347359375 0.5784200125 0.7677092187500001 0.5797067921875 0.6837043281249999
0 0.6115384609375 0.7979214781249999 0.42000000000000004 0.7979214781249999 0.42000000000000004 0.8718244796875 0.6115384609375 0.8718244796875 0.6115384609375 0.7979214781249999
0 1 0.316397228125 0.7696462000000001 0.31218019531249996 0.7680401406249999 0.399910609375 1 0.40415704375 1 0.316397228125
0 0.35877149531249997 0.691629209375 0.19492913750000002 0.67737108125 0.1853720484375 0.7871930703125 0.3492144046875 0.8014511984375 0.35877149531249997 0.691629209375
0 0.89 1 0.89 0.8556581984375 0.636153846875 0.8556581984375 0.636153846875 1 0.89 1