0 0.432323365625 0.17853368125 0.33833158124999996 0.150742003125 0.3282365421875 0.18488354375 0.42222832656250003 0.21267522187500001 0.432323365625 0.17853368125
0 0 0.21006373437499998 0.0365384609375 0.21006373437499998 0.0365384609375 0.18036157656250001 0 0.18036157656250001 0 0.21006373437499998
0 0.2712912578125 0.3037398609375 0.265746965625 0.257942309375 0.1498238625 0.27197605937499997 0.15536815312500002 0.3177736109375 0.2712912578125 0.3037398609375
0 0.5296875 0.294332340625 0.5019230765625 0.294332340625 0.5019230765625 0.35566902499999997 0.5296875 0.35566902499999997 0.5296875 0.294332340625
0 0.5388522906250001 0.214484203125 0.48129701562499994 0.2035869859375 0.472132225 0.2519921890625 0.5296875 0.26288940625 0.5388522906250001 0.214484203125
0 0.319726021875 0.1788861484375 0.1732240390625 0.17103178593749999 0.1707966890625 0.21630745624999997 0.317298671875 0.2241618171875 0.319726021875 0.1788861484375
0 0.3047067921875 0.385266828125 0.1888631375 0.3834923453125 0.187576359375 0.46749723593750003 0.3034200125 0.46927171875000007 0.3047067921875 0.385266828125
0 0.3365384609375 0.49948397812499995 0.145789903125 0.49948397812499995 0.145789903125 0.559375 0.3365384609375 0.559375 0.3365384609375 0.49948397812499995
0 0 0.4915765578125 0.081153846875 0.4915765578125 0.081153846875 0.3859016234375 0 0.3859016234375 0 0.4915765578125
0 0.8074151640625 0.2252477875 0.6038248125 0.1347631890625 0.5528511609375 0.24945391093749997 0.7564415109375 0.339938509375 0.8074151640625 0.2252477875
0 0.46216670937500004 0.7294742249999999 0.2679279921875 0.7147172453125 0.26259964375 0.7848516328125 0.456838359375 0.7996086109375 0.46216670937500004 0.7294742249999999
0 0.9294602265625 0.559375 0.5296875 0.559375 0.5296875 0.992266071875 0.9294602265625 0.992266071875 0.9294602265625 0.559375