0 0.25296098906250003 0.16690931250000002 0.2167781171875 0.153084725 0.1995811625 0.1980940390625 0.2357640328125 0.2119186265625 0.25296098906250003 0.16690931250000002
0 0.275178834375 0.038709428125 0.2447807203125 0.0166732546875 0.2272866171875 0.0408057484375 0.25768473125 0.0628419203125 0.275178834375 0.038709428125
0 0.23440394375 0.06024984531250001 0.23308813125 0.0447068140625 0.2184061984375 0.0459497296875 0.2197220109375 0.0614927609375 0.23440394375 0.06024984531250001
0 0.18359375 0.2380859375 0.169921875 0.23125 0.1587890625 0.253515625 0.1724609375 0.2603515625 0.18359375 0.2380859375
0 0.215234375 0.2314453125 0.2044921875 0.228515625 0.2007512015625 0.24223257187499997 0.2114933890625 0.24516225937499997 0.215234375 0.2314453125
0 0.2025390625 0.18359375 0.1947265625 0.17578125 0.1859375 0.1845703125 0.19375 0.1923828125 0.2025390625 0.18359375
0 0.246484375 0.1474609375 0.2332767671875 0.14626024531249998 0.23268442656250002 0.1527759984375 0.245892034375 0.153976690625 0.246484375 0.1474609375
0 0.24453125 0 0.24453125 0.0166015625 0.262109375 0.0166015625 0.262109375 0 0.24453125 0
0 1 0.33775797343749997 0.78 0.33775797343749997 0.78 0.3796875 1 0.3796875 1 0.33775797343749997
0 0.3948685890625 0.5772190312500001 0.38817495625 0.45987125781250004 0.127761946875 0.47472547656249997 0.13445558124999998 0.59207325 0.3948685890625 0.5772190312500001
0 0.8522316859375 0.825646771875 0.7114881421875 0.8128519046875 0.7075658828125 0.85599675625 0.8483094265625001 0.8687916234375 0.8522316859375 0.825646771875
0 0.9353689749999999 0.8342130624999999 0.8171875 0.7970703125 0.808616096875 0.8243429609374999 0.926797571875 0.861485709375 0.9353689749999999 0.8342130624999999
0 0.7413208 0.6199443234375 0.709375 0.6199443234375 0.709375 0.6532613125 0.7413208 0.6532613125 0.7413208 0.6199443234375
0 0.9864583328125001 0.76875 0.9758280562499999 0.7186905296874999 0.9097094390624999 0.7327310140625001 0.920339715625 0.7827904828125 0.9864583328125001 0.76875