0 0.4123359890625 0.3731593125 0.3761531171875 0.35933472499999997 0.3589561625 0.40434403906250005 0.3951390328125 0.41816862656250003 0.4123359890625 0.3731593125
0 0.43455383437500006 0.244959428125 0.4041557203125 0.22292325468750002 0.38666161718750003 0.2470557484375 0.41705973125 0.2690919203125 0.43455383437500006 0.244959428125
0 0.39377894375 0.2664998453125 0.39246313125 0.2509568140625 0.3777811984375 0.2521997296875 0.3790970109375 0.2677427609375 0.39377894375 0.2664998453125
0 0.34296875 0.4443359375 0.329296875 0.4375 0.3181640625 0.459765625 0.3318359375 0.4666015625 0.34296875 0.4443359375
0 0.374609375 0.4376953125 0.3639040390625 0.4346366453125 0.3599977890625 0.4483085203125 0.370703125 0.4513671875 0.374609375 0.4376953125
0 0.3619140625 0.38984375 0.3541015625 0.38203125 0.3453125 0.3908203125 0.353125 0.3986328125 0.3619140625 0.38984375
0 0.405859375 0.3537109375 0.3926517671875 0.3525102453125 0.39205942656250004 0.3590259984375 0.405267034375 0.360226690625 0.405859375 0.3537109375
0 0.421484375 0.165234375 0.40390625 0.165234375 0.40390625 0.2228515625 0.421484375 0.2228515625 0.421484375 0.165234375
0 0.66875 0 0.66875 0.23973480781249998 0.8646597484375 0.23973480781249998 0.8646597484375 0 0.66875 0
0 0 0.9143895343749999 0.66875 0.9143895343749999 0.66875 0.6 0 0.6 0 0.9143895343749999
0 0.9265322328125001 0.80200899375 0.9145065499999999 0.7100125312500001 0.7443290874999999 0.732257953125 0.7563547703125 0.824254415625 0.9265322328125001 0.80200899375