0 0.206957028125 0.37314104375 0.1153921765625 0.3600812125 0.10586930000000001 0.426847828125 0.1974341515625 0.43990765937500004 0.206957028125 0.37314104375
0 0.4467805484375 0.2713603015625 0.3260370015625 0.2623189796875 0.322180253125 0.3138244421875 0.4429238 0.32286576562499997 0.4467805484375 0.2713603015625
0 0.249310721875 0.53011981875 0.09767805 0.5111959640625 0.09169032656250001 0.559174271875 0.2433229984375 0.578098125 0.249310721875 0.53011981875
0 0.0736193375 0 0 0.0904447734375 0 0.1384219375 0.2455780296875 0.3383151015625 0.41506061250000004 0.1300978828125 0.255229325 0 0.0736193375 0
0 0.14025559062499998 0.1153932421875 0.1194888171875 0.1153932421875 0.1194888171875 0.1369243421875 0.14025559062499998 0.1369243421875 0.14025559062499998 0.1153932421875
0 0.1357551515625 0.0414371921875 0.11598003906250001 0.0387962984375 0.1124932578125 0.0649054578125 0.1322683703125 0.0675463515625 0.1357551515625 0.0414371921875
0 0.3367412140625 0.18477123281250002 0.2920127796875 0.18477123281250002 0.2920127796875 0.20151764375 0.3367412140625 0.20151764375 0.3367412140625 0.18477123281250002
0 0.10132413124999999 0 0.075775521875 0.0102031453125 0.0843450484375 0.031661184375 0.1322683703125 0.012522428125000002 0.1272673875 0 0.10132413124999999 0
0 0.27124600625 0.043622906249999996 0.2073482421875 0.043622906249999996 0.2073482421875 0.06036931875 0.27124600625 0.06036931875 0.27124600625 0.043622906249999996
0 0.2730067125 0.29657660468749997 0.260183978125 0.26746531406249996 0.20140191875000002 0.293357215625 0.214224653125 0.32246850781249997 0.2730067125 0.29657660468749997
0 0.179267621875 0.52504379375 0.0993347046875 0.52171856875 0.098241853125 0.547988896875 0.1781747703125 0.5513141218750001 0.179267621875 0.52504379375
0 0.3609937828125 0.167692740625 0.350164003125 0.128436640625 0.2549629484375 0.1547002390625 0.265792728125 0.193956340625 0.3609937828125 0.167692740625
0 0.43906091875 0.2836420609375 0.3470509328125 0.27723299687499997 0.343016853125 0.3351471703125 0.43502683906249995 0.3415562328125 0.43906091875 0.2836420609375
0 0.710590278125 1 0.710590278125 0.6941550921874999 0.311284721875 0.6941550921874999 0.311284721875 1 0.710590278125 1