0 0.406957028125 0.63095354375 0.31539217656249996 0.6178937125 0.3058693 0.684660328125 0.3974341515625 0.697720159375 0.406957028125 0.63095354375
0 0.6467805484375 0.5291728015625 0.5260370015625 0.5201314796875 0.5221802531249999 0.5716369421875 0.6429237999999999 0.580678265625 0.6467805484375 0.5291728015625
0 0.81499413125 0.9334571625000001 0.8052964156250001 0.8525137703125001 0.700347359375 0.8650875703124999 0.7100450734375 0.9460309625000001 0.81499413125 0.9334571625000001
0 0.45607464999999997 0.7922350875 0.3035927359375 0.7571030734375 0.2902255546875 0.8151200578125 0.44270746875 0.8502520703125 0.45607464999999997 0.7922350875
0 0.17731629375 1 0.17731629375 0.8373205734375 0.0511182109375 0.8373205734375 0.0511182109375 1 0.17731629375 1
0 0.621581459375 0.39728707343749997 0.35974855 0.1620132890625 0.18039264375 0.361615971875 0.4422255546875 0.59688975625 0.621581459375 0.39728707343749997
0 0.15114573125 0.892032175 0.135782746875 0.8755980859375001 0.1238481390625 0.8867548453125 0.1392111234375 0.903188934375 0.15114573125 0.892032175
0 0.340255590625 0.3732057421875 0.3194888171875 0.3732057421875 0.3194888171875 0.3947368421875 0.340255590625 0.3947368421875 0.340255590625 0.3732057421875
0 0.3357551515625 0.29924969218749997 0.3159800390625 0.2966087984375 0.31249325781250004 0.3227179578125 0.3322683703125 0.3253588515625 0.3357551515625 0.29924969218749997
0 0.4361022359375 0.2440191390625 0.43110473125000004 0.2273341796875 0.3980458890625 0.2372360140625 0.40304339375 0.2539209734375 0.4361022359375 0.2440191390625
0 0.191693290625 0.21770335 0.18762004375000002 0.197304578125 0.162882940625 0.2022441078125 0.16695618750000002 0.222642878125 0.191693290625 0.21770335
0 0.179289334375 0.3586353296875 0.1679075890625 0.33887545937499997 0.1459413359375 0.35152808750000003 0.15732307968749998 0.3712879578125 0.179289334375 0.3586353296875
0 0.5367412140625001 0.44258373281249996 0.49201277968749996 0.44258373281249996 0.49201277968749996 0.45933014375000003 0.5367412140625001 0.45933014375000003 0.5367412140625001 0.44258373281249996
0 0.3322683703125 0.270334928125 0.32369884375 0.2488768890625 0.275775521875 0.2680156453125 0.28434504843749997 0.289473684375 0.3322683703125 0.270334928125
0 0.47124600625 0.30143540625 0.4073482421875 0.30143540625 0.4073482421875 0.31818181874999996 0.47124600625 0.31818181874999996 0.47124600625 0.30143540625
0 0.4730067125 0.5543891046875 0.460183978125 0.5252778140625 0.40140191875 0.5511697156250001 0.41422465312499995 0.5802810078125 0.4730067125 0.5543891046875
0 0.365814696875 0.169856459375 0.277955271875 0.169856459375 0.277955271875 0.19138755937500002 0.365814696875 0.19138755937500002 0.365814696875 0.169856459375
0 0.379267621875 0.78285629375 0.2993347046875 0.77953106875 0.298241853125 0.805801396875 0.3781747703125 0.8091266218750001 0.379267621875 0.78285629375
0 0.8170429 0.9273765421875 0.7247278125000001 0.9111116265625 0.719292984375 0.941958178125 0.8116080718750001 0.95822309375 0.8170429 0.9273765421875
0 0.5609937828125 0.425505240625 0.550164003125 0.38624914062500004 0.4549629484375 0.41251273906249997 0.465792728125 0.45176884062499995 0.5609937828125 0.425505240625
0 0.63906091875 0.5414545609375 0.5470509328125 0.535045496875 0.5430168531249999 0.5929596703125 0.6350268390625 0.5993687328124999 0.63906091875 0.5414545609375