0 0.2053333328125 0.484 0.176045978125 0.471448275 0.1706666671875 0.484 0.199954021875 0.49655172500000005 0.2053333328125 0.484
0 0.7154923859375 0.5864399328125 0.6698206421874999 0.583177665625 0.6681692046875 0.6062978 0.7138409484375 0.6095600671875 0.7154923859375 0.5864399328125
0 0.88768118125 0.8054876640625 0.82 0.8 0.81857184375 0.8176139328125 0.8862530234375001 0.8231015968750001 0.88768118125 0.8054876640625
0 0.3226666671875 0.49000000000000005 0.27599999999999997 0.49000000000000005 0.27599999999999997 0.514 0.3226666671875 0.514 0.3226666671875 0.49000000000000005
0 0.8053333328125 0.764 0.799906365625 0.7404831453125 0.7522397015625 0.751483146875 0.7576666671875001 0.775 0.8053333328125 0.764
0 0.6053333328125 0.5860000000000001 0.5413333328125 0.5860000000000001 0.5413333328125 0.612 0.6053333328125 0.612 0.6053333328125 0.5860000000000001
0 0.46799999999999997 0.576 0.4066666671875 0.576 0.4066666671875 0.604 0.46799999999999997 0.604 0.46799999999999997 0.576
0 0.5296000000000001 0.7572 0.47140000000000004 0.7378 0.4613333328125 0.768 0.5195333328125 0.7874 0.5296000000000001 0.7572
0 0.4582240671875 0.4795914875 0.3790653171875 0.475761225 0.37743645625 0.5094243453125 0.45659520625 0.5132546062500001 0.4582240671875 0.4795914875
0 0.3197603 0.6358501875 0.21231460625 0.5686966296875 0.1917902625 0.6015355812500001 0.29923595468749997 0.6686891390625 0.3197603 0.6358501875
0 0.45193189375 0.81483300625 0.3466142765625 0.790897184375 0.335690896875 0.8389600515625 0.4410085140625 0.8628958750000001 0.45193189375 0.81483300625