0 0.5959134609375 0.336568509375 0.459375 0.336568509375 0.459375 0.4134615390625 0.5959134609375 0.4134615390625 0.5959134609375 0.336568509375
0 0.8819711531250001 0.057692307812499996 0.6391826921875 0.057692307812499996 0.6391826921875 0.1298076921875 0.8819711531250001 0.1298076921875 0.8819711531250001 0.057692307812499996
0 0.7122267484375 0.376462515625 0.60649716875 0.36800414843749996 0.603826759375 0.40138426562499996 0.7095563390625 0.4098426328125 0.7122267484375 0.376462515625
0 0.812109375 0 0.812109375 0.0078125 0.84140625 0.0078125 0.84140625 0 0.812109375 0
0 1 0.30869715000000003 0.95078125 0.30869715000000003 0.95078125 0.32694163593750003 1 0.32694163593750003 1 0.30869715000000003
0 0.905859375 0 0.905859375 0.0283203125 0.9703125 0.0283203125 0.9703125 0 0.905859375 0
0 0.61875 0.1015625 0.596378940625 0.054799345312500004 0.5074603484375 0.097337175 0.5298314093750001 0.1441003296875 0.61875 0.1015625
0 0.7575079109375 0.49505350156250005 0.729493496875 0.4347553140625 0.5743374734375 0.5068404859375 0.6023518875 0.567138671875 0.7575079109375 0.49505350156250005
0 0.7094787593749999 0.42774454687499996 0.5576235609375 0.3946359578125 0.545501340625 0.45023549531249996 0.6973565390625 0.483344084375 0.7094787593749999 0.42774454687499996
0 0.3453125 1 0.3453125 0.7917245375 0 0.7917245375 0 1 0.3453125 1
0 0.7930934875 0.6796300203125 0.46250746718749997 0.666892015625 0.4566530078125 0.818831209375 0.7872390296875 0.8315692125 0.7930934875 0.6796300203125