0 0.44383180624999996 0.2660688234375 0.1552489890625 0.2660688234375 0.1552489890625 0.4390625 0.44383180624999996 0.4390625 0.44383180624999996 0.2660688234375
0 0.9920138890624999 0.3653356484375 0.9794213421875 0.316933046875 0.9013811078125 0.33723619843749997 0.913973653125 0.3856387984375 0.9920138890624999 0.3653356484375
0 0.5084893203124999 0.77932993125 0.3853261828125 0.7184092515625 0.3536914625 0.7823650625 0.4768546015625 0.843285740625 0.5084893203124999 0.77932993125
0 0.1496635859375 0.677191071875 0.1330559875 0.6447257359375 0.002315715625 0.7116057453125 0.0189233140625 0.74407108125 0.1496635859375 0.677191071875
0 0.453374103125 0.764427346875 0.3804283640625 0.7127021859375 0.3484080265625 0.757859071875 0.421353765625 0.8095842328125 0.453374103125 0.764427346875
0 0.487890625 0.7849609375 0.38215231875 0.7102392015625 0.3481421453125 0.7583668046875001 0.4538804515625 0.8330885406249999 0.487890625 0.7849609375
0 0.214453125 0.7380859375 0.0886951078125 0.7186388218750001 0.0851341109375 0.7416665984375 0.21089212812499997 0.761113715625 0.214453125 0.7380859375
0 0.4827974765625 0.7221905046875 0.45731670625 0.719005409375 0.4552884609375 0.7352313703125 0.48076923125000004 0.7384164656250001 0.4827974765625 0.7221905046875
0 0.1711361671875 0.7040756046875 0.168989946875 0.679036353125 0.06279470937500001 0.6881388015625001 0.06494093125 0.7131780546875001 0.1711361671875 0.7040756046875
0 0.40250734218749995 0.703911884375 0.400832125 0.6825902171875 0.35150505 0.6864657843749999 0.3531802671875 0.7077874515625 0.40250734218749995 0.703911884375
0 0.35654716406250003 0.751060003125 0.27743571562499997 0.742567075 0.275572184375 0.759925825 0.3546836328125 0.7684187515625001 0.35654716406250003 0.751060003125
0 0.42256905468749995 0.6848335421875 0.4032877265625 0.6796106984375 0.3993955890625 0.69397941875 0.41867691718750005 0.6992022625 0.42256905468749995 0.6848335421875
0 0.36999952187499996 0.66374840625 0.3305285375 0.6588563609375 0.3287281359375 0.6733827234375 0.3681991203125 0.6782747687499999 0.36999952187499996 0.66374840625
0 0.275359225 0.6528512984375 0.24085470781249999 0.6475229875 0.23904136875 0.65926561875 0.2735458859375 0.6645939296875001 0.275359225 0.6528512984375
0 0.6975 0.818788109375 0.4890625 0.818788109375 0.4890625 0.973304325 0.6975 0.973304325 0.6975 0.818788109375