0 0.4033333328125 0.6849999999999999 0.401187346875 0.6664014593750001 0.3578540140625 0.671401459375 0.36 0.6900000000000001 0.4033333328125 0.6849999999999999
0 0.42000000000000004 0.38 0.41875064218749997 0.3616760921875 0.34541730937500004 0.36667609218749997 0.3466666671875 0.385 0.42000000000000004 0.38
0 0.7727872859375 0.45641809375 0.7133740828125 0.4475061125 0.71 0.47000000000000003 0.769413203125 0.47891198125 0.7727872859375 0.45641809375
0 0.6733333328125 0.63 0.672197421875 0.6110681546875 0.5888640890625 0.6160681546875 0.5900000000000001 0.635 0.6733333328125 0.63
0 0.7533333328125 0.985 0.747746084375 0.9533389265625001 0.677483221875 0.9657382546875001 0.6830704703125 0.9973993296874999 0.7533333328125 0.985
0 0.5966666671875 0.775 0.5333333328125 0.775 0.5333333328125 0.805 0.5966666671875 0.805 0.5966666671875 0.775
0 0.5733333328125 0.445 0.567242728125 0.4104865765625 0.4840492171875 0.42516778593750004 0.490139821875 0.4596812078125 0.5733333328125 0.445
0 0.30333333281249997 0.495 0.282696390625 0.4571656046875 0.1853078546875 0.510286625 0.20594479843750002 0.5481210187500001 0.30333333281249997 0.495
0 0.749794871875 0.384974359375 0.6271282046875 0.369641025 0.6233333328125 0.4 0.746 0.4153333328125 0.749794871875 0.384974359375
0 0.5 0.475 0.31764264531249997 0.44935599687499994 0.3133333328125 0.48 0.49569068749999995 0.505644003125 0.5 0.475
0 0.86 0.62 0.8559834437499999 0.5869749859375 0.6989148828125 0.6060779203125 0.7029314375 0.6391029328125 0.86 0.62
0 0.4976588875 0.615748653125 0.4003183734375 0.59890125625 0.388523040625 0.6670520640625 0.4858635546875 0.6838994609375 0.4976588875 0.615748653125
0 0.5593295296874999 0.5661531140625 0.3806799796875 0.5317974328124999 0.3732144546875 0.5706181640625 0.5518640046875001 0.604973846875 0.5593295296874999 0.5661531140625
0 0.8374394468749999 0.660634371875 0.603873125 0.6544878890625 0.6026643593750001 0.7004209921875 0.83623068125 0.7065674734375 0.8374394468749999 0.660634371875
0 1 0.5459523796875 0.522 0.47766666718749995 0.5138 0.5350666671875 0.9937666671875001 0.6036333328125 1 0.560000003125 1 0.5459523796875