0 0.2002083328125 0.31 0.198062346875 0.291401459375 0.1547290140625 0.296401459375 0.15687500000000001 0.315 0.2002083328125 0.31
0 0.15520834375 0 0.1429169890625 0.000838046875 0.1435416671875 0.01 0.216875 0.005 0.216534090625 0 0.15520834375 0
0 0.4702083328125 0.255 0.469072421875 0.2360681546875 0.3857390890625 0.24106815468749998 0.38687499999999997 0.26 0.4702083328125 0.255
0 0.3935416671875 0.4 0.3302083328125 0.4 0.3302083328125 0.43 0.3935416671875 0.43 0.3935416671875 0.4
0 0.3702083328125 0.06999999999999999 0.364117728125 0.0354865765625 0.2809242171875 0.0501677859375 0.287014821875 0.0846812078125 0.3702083328125 0.06999999999999999
0 0 0.1526704546875 0.00924363125 0.1696171109375 0.1002083328125 0.12 0.079571390625 0.0821656046875 0 0.12556818125 0 0.1526704546875
0 0.4233333328125 0 0.42020833281250003 0.025 0.5182173421875 0.0372511265625 0.5220122140625 0.0068921515625 0.466875003125 0 0.4233333328125 0
0 0.296875 0.1 0.1145176453125 0.074355996875 0.1102083328125 0.10500000000000001 0.2925656875 0.130644003125 0.296875 0.1
0 0.2945338875 0.240748653125 0.1971933734375 0.22390125625 0.185398040625 0.2920520640625 0.2827385546875 0.3088994609375 0.2945338875 0.240748653125
0 0.3562045296875 0.1911531140625 0.1775549796875 0.1567974328125 0.1700894546875 0.19561816406250002 0.34873900468749996 0.22997384687500003 0.3562045296875 0.1911531140625
0 0.5198937640625 0.2826233 0.40074812499999996 0.2794878890625 0.3996043625 0.32295089843749997 0.51875 0.326086309375 0.5198937640625 0.2826233
0 0.5204367249999999 0.13631544843750001 0.3145511546875 0.12362387187499999 0.3128644296875 0.150986309375 0.51875 0.163677884375 0.5204367249999999 0.13631544843750001
0 0.964715909375 0.05917008124999999 0.51875 0.05917008124999999 0.51875 0.559375 0.964715909375 0.559375 0.964715909375 0.05917008124999999
0 0.51875 1 0.51875 0.559375 0 0.559375 0 1 0.51875 1
0 1 0.559375 0.51875 0.559375 0.51875 1 1 1 1 0.559375