0 0.3908333328125 0.4303125 0.388687346875 0.411713959375 0.3453540140625 0.416713959375 0.34750000000000003 0.43531250000000005 0.3908333328125 0.4303125
0 0.40750000000000003 0.1253125 0.40625064218749996 0.10698859218750001 0.332917309375 0.11198859218749999 0.3341666671875 0.1303125 0.40750000000000003 0.1253125
0 0.6011149859375 0.3788956015625 0.599979075 0.35996375625 0.5763640890625 0.36138065468749997 0.5775 0.3803125 0.6011149859375 0.3788956015625
0 0.5841666671875 0.5203125 0.5208333328125 0.5203125 0.5208333328125 0.5503125 0.5841666671875 0.5503125 0.5841666671875 0.5203125
0 0.5608333328125 0.1903125 0.554742728125 0.1557990765625 0.4715492171875 0.1704802859375 0.477639821875 0.2049937078125 0.5608333328125 0.1903125
0 0.2908333328125 0.2403125 0.270196390625 0.2024781046875 0.17280785468749998 0.255599125 0.1934447984375 0.29343351875 0.2908333328125 0.2403125
0 0.4875 0.2203125 0.3051426453125 0.194668496875 0.3008333328125 0.22531249999999997 0.48319068749999994 0.250956503125 0.4875 0.2203125
0 0.4851588875 0.361061153125 0.3878183734375 0.34421375625 0.37602304062499997 0.4123645640625 0.4733635546875 0.42921196093749997 0.4851588875 0.361061153125
0 0.5468295296875 0.3114656140625 0.3681799796875 0.2771099328125 0.36071445468749996 0.31593066406250003 0.5393640046875 0.35028634687500004 0.5468295296875 0.3114656140625
0 1 0.0918634796875 0.6 0.0918634796875 0.6 0.5890625 1 0.5890625 1 0.0918634796875
0 0.6 0.7992590203125001 0.3695704640625 0.7992590203125001 0.3695704640625 0.897197165625 0.6 0.897197165625 0.6 0.7992590203125001
0 1 0.6993534484375 0.6 0.6993534484375 0.6 0.970905171875 1 0.970905171875 1 0.6993534484375