0 0.7482759609375 0.3246429921875 0.68251298125 0.300925190625 0.641135196875 0.4156544765625 0.7068981765625 0.439372278125 0.7482759609375 0.3246429921875
0 0.8468380859375 0.208443871875 0.7365902656250001 0.1320220875 0.6777096140625 0.2169646671875 0.7879574359375 0.2933864515625 0.8468380859375 0.208443871875
0 1 0.058238635937500005 0.9219518437499999 0.058238635937500005 0.9219518437499999 0.17424417812499998 1 0.17424417812499998 1 0.058238635937500005
0 0.9791213046875 0.34334668281249997 0.9457947875 0.33610178749999997 0.9396604234374999 0.3643198609375 0.9729869421874999 0.37156475625 0.9791213046875 0.34334668281249997
0 0.8414866734374999 0.40866268437500003 0.83901654375 0.3765510109375 0.785546875 0.3806640625 0.788017003125 0.4127757359375 0.8414866734374999 0.40866268437500003
0 0.582421875 0.3484375 0.5296875 0.3484375 0.5296875 0.41875 0.582421875 0.41875 0.582421875 0.3484375
0 0.715524328125 0.26971635625 0.6767819359375 0.2282066515625 0.6028786562499999 0.29718304687499997 0.641621046875 0.3386927515625 0.715524328125 0.26971635625
0 0.6873046875 0.1529296875 0.6810103890625 0.0144551390625 0.55954615 0.019976240625 0.5658404484374999 0.1584507890625 0.6873046875 0.1529296875
0 0.88184375 0.11372656249999999 0.834875 0.045882812499999995 0.7681484375000001 0.092078125 0.8151171875 0.159921875 0.88184375 0.11372656249999999
0 0.724625 0 0.724625 0.0779296875 0.8265625 0.0779296875 0.8265625 0 0.724625 0
0 0.851953125 0 0.851953125 0.0330078125 0.94375 0.0330078125 0.94375 0 0.851953125 0
0 0.9363131015624999 0.2712139421875 0.9317307687499999 0.24830228437500002 0.9043118984375 0.2537860578125 0.90889423125 0.276697715625 0.9363131015624999 0.2712139421875
0 0.9171276234375 0.3487611203125 0.9159215328125001 0.304135778125 0.8472428140625 0.305991959375 0.8484489046875 0.3506173015625 0.9171276234375 0.3487611203125
0 0.91640625 0.30546875 0.848046875 0.30546875 0.848046875 0.41875 0.91640625 0.41875 0.91640625 0.30546875
0 0.8442325374999999 0.272047334375 0.8216796875 0.2703125 0.81963465 0.29689797812499996 0.8421875 0.2986328125 0.8442325374999999 0.272047334375
0 0.832421875 0.33671875 0.7875 0.33671875 0.7875 0.3767578125 0.832421875 0.3767578125 0.832421875 0.33671875
0 0.159002375 0.4399707796875 0.0544528515625 0.436016190625 0.052983078125000006 0.47487334375 0.15753260156249999 0.4788279328125 0.159002375 0.4399707796875
0 1 0.7755208328125 0.89921875 0.7755208328125 0.89921875 0.9936899046875001 1 0.9936899046875001 1 0.7755208328125
0 0.9649471734375 0.6746780718750001 0.9104941234374999 0.6695730984375 0.9056368359375 0.721384165625 0.9600898859375 0.7264891390625 0.9649471734375 0.6746780718750001
0 0.905626565625 0.6360645 0.904574003125 0.6163289703125 0.8696559640625001 0.6181912671875 0.8707085265625001 0.637926796875 0.905626565625 0.6360645