0 0.1473643109375 0.096220990625 0.046932834374999996 0.096220990625 0.046932834374999996 0.15996895 0.1473643109375 0.15996895 0.1473643109375 0.096220990625
0 0.1013410109375 0.18858129375 0.0750558234375 0.1719436546875 0.052816101562499995 0.20707936562499998 0.0791012890625 0.22371700312499998 0.1013410109375 0.18858129375
0 0.31328125 0.2349609375 0.2966796875 0.218359375 0.287890625 0.2271484375 0.3044921875 0.24375 0.31328125 0.2349609375
0 0.3049375 0.10214062500000001 0.240828125 0.09048437499999999 0.23689062500000002 0.112140625 0.301 0.123796875 0.3049375 0.10214062500000001
0 0.287890625 0.0591796875 0.28755479375 0.0521272265625 0.26444870625 0.0532275171875 0.26478453750000003 0.060279978125 0.287890625 0.0591796875
0 0.183548678125 0.0491887015625 0.18016826875 0.032286659375 0.123828125 0.0435546875 0.127208534375 0.06045673124999999 0.183548678125 0.0491887015625
0 0.19826091562499998 0.082536921875 0.1977766484375 0.06946168593749999 0.16469124531249998 0.070687071875 0.1651755140625 0.0837623078125 0.19826091562499998 0.082536921875
0 0.39941298281250004 0.119510746875 0.398835678125 0.10854195468750001 0.37382272968749997 0.10985842500000001 0.37440003437499997 0.12082721874999999 0.39941298281250004 0.119510746875
0 0.494921875 0.2291015625 0.491856971875 0.21786358125 0.479296875 0.2212890625 0.48236177812500003 0.23252704375 0.494921875 0.2291015625
0 0.2704207328125 0.017761735937500002 0.2703182625 0.002911125 0.2316485609375 0.0031779468749999996 0.23175103125000002 0.018028559375 0.2704207328125 0.017761735937500002
0 0.2131225234375 0.00785055625 0.18232677343749998 0.00785055625 0.18232677343749998 0.018201856250000002 0.2131225234375 0.018201856250000002 0.2131225234375 0.00785055625
0 0.1860426828125 0 0.1860426828125 0.0043528671875 0.20509173593750002 0.0043528671875 0.20509173593750002 0 0.1860426828125 0
0 0.5390625 0.3097778890625 0.34986019062499996 0.3097778890625 0.34986019062499996 0.56875 0.5390625 0.56875 0.5390625 0.3097778890625
0 0.46113345156249996 0.662999484375 0.2625781515625 0.6368522859375 0.25118460625 0.7233720203125 0.44973990625000004 0.7495192187499999 0.46113345156249996 0.662999484375
0 0.678125 1 0.678125 0.845 0.5390625 0.845 0.5390625 1 0.678125 1