0 0.42392681093749995 0.430595990625 0.323495334375 0.430595990625 0.323495334375 0.49434395000000003 0.42392681093749995 0.49434395000000003 0.42392681093749995 0.430595990625
0 0.1506982796875 0.6697336546875 0.118210171875 0.6431855828125 0.046359146875 0.7311130171875 0.0788472546875 0.7576610890625 0.1506982796875 0.6697336546875
0 0.3779035109375 0.52295629375 0.3516183234375 0.5063186546875 0.3293786015625 0.541454365625 0.35566378906249996 0.558092003125 0.3779035109375 0.52295629375
0 0.58984375 0.5693359375 0.5732421875 0.552734375 0.564453125 0.5615234375 0.5810546875 0.578125 0.58984375 0.5693359375
0 0.5815 0.436515625 0.517390625 0.42485937500000004 0.5134531250000001 0.44651562499999997 0.5775625 0.458171875 0.5815 0.436515625
0 0.564453125 0.3935546875 0.5641172937500001 0.3865022265625 0.54101120625 0.3876025171875 0.5413470375 0.394654978125 0.564453125 0.3935546875
0 0.460111178125 0.3835637015625 0.45673076874999996 0.366661659375 0.400390625 0.3779296875 0.40377103437499995 0.39483173125 0.460111178125 0.3835637015625
0 0.47482341562499997 0.416911921875 0.47433914843749997 0.40383668593750005 0.4412537453125 0.40506207187500004 0.4417380140625 0.41813730781249997 0.47482341562499997 0.416911921875
0 0.6759754828125 0.453885746875 0.675398178125 0.44291695468750003 0.6503852296875 0.444233425 0.650962534375 0.45520221875000005 0.6759754828125 0.453885746875
0 0.8973688093750001 0.57209979375 0.8590691328125001 0.545894753125 0.8420622046874999 0.57075103125 0.88036188125 0.5969560734375 0.8973688093750001 0.57209979375
0 0.771484375 0.5634765625 0.7684194718749999 0.5522385812499999 0.755859375 0.5556640625 0.7589242781250001 0.5669020437500001 0.771484375 0.5634765625
0 0.5469832328125 0.3521367359375 0.5468807625000001 0.337286125 0.5082110609375 0.337552946875 0.50831353125 0.352403559375 0.5469832328125 0.3521367359375
0 0.4896850234375 0.34222555625 0.4588892734375 0.34222555625 0.4588892734375 0.35257685625 0.4896850234375 0.35257685625 0.4896850234375 0.34222555625
0 0.48261770156250006 0.3328264421875 0.46115758749999997 0.3327883546875 0.4611470625 0.33871823125 0.48260717656249996 0.33875631875 0.48261770156250006 0.3328264421875
0 0.931510796875 0.9901207203125001 0.9287813359375001 0.641984675 0.6246050203125 0.64436948125 0.6273344796875 0.9925055265625 0.931510796875 0.9901207203125001