0 0.12993749999999998 0.033390625 0.065828125 0.021734375 0.061890625 0.043390625 0.126 0.055046874999999995 0.12993749999999998 0.033390625
0 0.13828125 0.1662109375 0.1216796875 0.149609375 0.112890625 0.1583984375 0.1294921875 0.175 0.13828125 0.1662109375
0 0.445806309375 0.16897479375 0.4075066328125 0.142769753125 0.3920327234375 0.165385465625 0.4303324 0.1915905078125 0.445806309375 0.16897479375
0 0.3518461046875 0.0640223671875 0.316015625 0.0626953125 0.3153413953125 0.08089950781250001 0.351171875 0.0822265625 0.3518461046875 0.0640223671875
0 0.22443969218749998 0.0424305359375 0.198828125 0.0412109375 0.19832437812499998 0.051789628125 0.2239359453125 0.0530092265625 0.22443969218749998 0.0424305359375
0 0.23203125 0 0.23203125 0.0216796875 0.27109375 0.0216796875 0.27109375 0 0.23203125 0
0 0.319921875 0.1583984375 0.31420990625 0.1481168921875 0.30625 0.1525390625 0.31196196875000004 0.16282060781250002 0.319921875 0.1583984375
0 0.3038316984375 0.034670740625 0.276953125 0.0314453125 0.27546517656249997 0.043844884375 0.30234375 0.0470703125 0.3038316984375 0.034670740625
0 0 0.0146484375 0.023260915625 0.013786921875 0.022776648437499998 0.0007116859375 0 0.001555265625 0 0.0146484375
0 0.47661808125 0.8066112249999999 0.1473011359375 0.79807889375 0.144925159375 0.8897829249999999 0.47424210625 0.8983152562500001 0.47661808125 0.8066112249999999
0 0.7819444437499999 0.473418209375 0.6473958328125 0.473418209375 0.6473958328125 0.704899690625 0.7819444437499999 0.704899690625 0.7819444437499999 0.473418209375