0 0.6038018203125 0.43557993125000005 0.48063868281250005 0.3746592515625 0.44900396249999996 0.4386150625 0.5721671015625 0.499535740625 0.6038018203125 0.43557993125000005
0 0.2449760859375 0.333441071875 0.2283684875 0.3009757359375 0.097628215625 0.3678557453125 0.11423581406250001 0.40032108125 0.2449760859375 0.333441071875
0 0.548686603125 0.42067734687499997 0.4757408640625 0.3689521859375 0.4437205265625 0.414109071875 0.516666265625 0.4658342328125 0.548686603125 0.42067734687499997
0 0.583203125 0.4412109375 0.47746481875 0.3664892015625 0.4434546453125 0.4146168046875 0.5491929515625 0.48933854062500004 0.583203125 0.4412109375
0 0.309765625 0.3943359375 0.1840076078125 0.374888821875 0.1804466109375 0.3979165984375 0.306204628125 0.41736371562499996 0.309765625 0.3943359375
0 0.5781099765625 0.3784405046875 0.55262920625 0.375255409375 0.5506009609375 0.3914813703125 0.5760817312500001 0.39466646562499996 0.5781099765625 0.3784405046875
0 0.26644866718750004 0.36032560468749997 0.26430244687500004 0.335286353125 0.158107209375 0.34438880156249996 0.16025343125 0.3694280546875 0.26644866718750004 0.36032560468749997
0 0.4978198421875 0.36016188437499996 0.496144625 0.3388402171875 0.44681755 0.342715784375 0.4484927671875 0.3640374515625 0.4978198421875 0.36016188437499996
0 0.661653846875 0.424462784375 0.6137155734374999 0.42139513749999996 0.6114367265625 0.45700677812499996 0.659375 0.460074425 0.661653846875 0.424462784375
0 0.6434432703125 0.4193466453125 0.642249003125 0.39883962031250003 0.5958150640625 0.40154379375 0.59700933125 0.4220508203125 0.6434432703125 0.4193466453125
0 0.4518596640625 0.407310003125 0.372748215625 0.398817075 0.370884684375 0.416175825 0.4499961328125 0.4246687515625 0.4518596640625 0.407310003125
0 0.5178815546875 0.3410835421875 0.4986002265625 0.3358606984375 0.4947080890625 0.35022941875 0.5139894171875 0.3554522625 0.5178815546875 0.3410835421875
0 0.465312021875 0.31999840625 0.4258410375 0.3151063609375 0.4240406359375 0.3296327234375 0.46351162031250004 0.33452476875000003 0.465312021875 0.31999840625
0 0.370671725 0.3091012984375 0.3361672078125 0.30377298750000004 0.33435386875 0.31551561875 0.3688583859375 0.3208439296875 0.370671725 0.3091012984375
0 0.0015948125 0.000904853125 0.0015314359375 0.00068848125 0.00124583125 0.0007721375 0.001309209375 0.000988509375 0.0015948125 0.000904853125
0 1 0.7636423625 0.8166781500000001 0.75094785625 0.8071608703125 0.8883872640625 0.9988866625 0.9016637187500001 1 0.8855859703125001 1 0.7636423625
0 1 0.7594506046875 0.77734375 0.7594506046875 0.77734375 0.8984375 1 0.8984375 1 0.7594506046875
0 0.7682291671875 0.7581466375 0.659375 0.7581466375 0.659375 0.8540831750000001 0.7682291671875 0.8540831750000001 0.7682291671875 0.7581466375