0 0.080259990625 0.489864109375 0.024425343750000002 0.46503738281249996 0.0076455890624999995 0.5027746046875 0.06348023593749999 0.52760133125 0.080259990625 0.489864109375
0 0.2843261578125 0.3425012140625 0.2751039484375 0.301020409375 0.2154211421875 0.314289375 0.224643353125 0.3557701796875 0.2843261578125 0.3425012140625
0 0.47015031093750004 0.3650428578125 0.468672321875 0.311027696875 0.3673420859375 0.3138003453125 0.3688200765625 0.36781550625000003 0.47015031093750004 0.3650428578125
0 0.41059168125 0.37741069375 0.33093748125 0.37741069375 0.33093748125 0.42038609843749997 0.41059168125 0.42038609843749997 0.41059168125 0.37741069375
0 0.3539345234375 0.23662908593749998 0.325772734375 0.20971162968749998 0.28327973906250004 0.2541689796875 0.311441528125 0.2810864359375 0.3539345234375 0.23662908593749998
0 0.47071021249999995 0.3240662421875 0.367765784375 0.315719396875 0.3654016234375 0.3448773703125 0.4683460515625 0.353224215625 0.47071021249999995 0.3240662421875
0 0.35625 0.2521484375 0.3551454734375 0.2333714984375 0.28885371718749997 0.2372710125 0.28995824375 0.256047953125 0.35625 0.2521484375
0 0.27975735625000003 0.3340299953125 0.2791386296875 0.3111370890625 0.21647325468749998 0.31283074843750003 0.21709198281250003 0.3357236546875 0.27975735625000003 0.3340299953125
0 0.11352285312499999 0.2951849984375 0.1132142515625 0.285618340625 0.07211538437500001 0.2869441109375 0.0724239859375 0.29651076875000004 0.11352285312499999 0.2951849984375
0 0.27975735625000003 0.3340299953125 0.2791386296875 0.3111370890625 0.21647325468749998 0.31283074843750003 0.21709198281250003 0.3357236546875 0.27975735625000003 0.3340299953125
0 0.310546875 0.259375 0.255859375 0.259375 0.255859375 0.2798828125 0.310546875 0.2798828125 0.310546875 0.259375
0 0.0668042453125 0.5155992046875 0.0659013859375 0.49483343125 0.0249631484375 0.49661335468749995 0.0258660078125 0.517379128125 0.0668042453125 0.5155992046875
0 1 0.2864969140625 0.973784721875 0.2864969140625 0.973784721875 0.3543981484375 1 0.3543981484375 1 0.2864969140625
0 0.0015868500000000001 0.00109155625 0.0015453625 0.0008093859375 0.001080753125 0.0008776968749999999 0.0011222390625 0.0011598671874999999 0.0015868500000000001 0.00109155625
0 0.7003827078125 0.630896378125 0.67813250625 0.5732015484375 0.528088528125 0.631066503125 0.5503387296875 0.68876133125 0.7003827078125 0.630896378125