0 0.3788018203125 0.32776743124999996 0.2556386828125 0.26684675156250004 0.22400396250000001 0.3308025625 0.3471671015625 0.391723240625 0.3788018203125 0.32776743124999996
0 0.32368660312499997 0.312864846875 0.2507408640625 0.26113968593750003 0.2187205265625 0.30629657187500003 0.29166626562500003 0.3580217328125 0.32368660312499997 0.312864846875
0 0.358203125 0.3333984375 0.25246481875 0.2586767015625 0.21845464531249997 0.30680430468750003 0.3241929515625 0.381526040625 0.358203125 0.3333984375
0 0 0.2969937984375 0.081204628125 0.30955121406249997 0.084765625 0.2865234375 0 0.2734153515625 0 0.2969937984375
0 0.3531099765625 0.2706280046875 0.32762920625 0.26744290937500004 0.3256009609375 0.2836688703125 0.35108173125 0.286853965625 0.3531099765625 0.2706280046875
0 0 0.2554584703125 0.04211128125 0.23994378749999998 0.034128239062499996 0.21827553281249998 0 0.23084909531250003 0 0.2554584703125
0 0.2728198421875 0.252349384375 0.271144625 0.2310277171875 0.22181755 0.234903284375 0.2234927671875 0.2562249515625 0.2728198421875 0.252349384375
0 0.44702361718750006 0.3173138625 0.38871557343749996 0.31358263750000004 0.3863786125 0.350102446875 0.44468665625000003 0.35383367187500003 0.44702361718750006 0.3173138625
0 0.4184432703125 0.3115341453125 0.41724900312499996 0.2910271203125 0.3708150640625 0.29373129375 0.37200933125 0.3142383203125 0.4184432703125 0.3115341453125
0 0.22685966406250002 0.299497503125 0.147748215625 0.291004575 0.145884684375 0.308363325 0.2249961328125 0.3168562515625 0.22685966406250002 0.299497503125
0 0.2928815546875 0.2332710421875 0.2736002265625 0.22804819843750002 0.2697080890625 0.24241691875 0.2889894171875 0.24763976250000003 0.2928815546875 0.2332710421875
0 0.24031202187499998 0.21218590625 0.20084103749999999 0.2072938609375 0.19904063593750002 0.22182022343750002 0.2385116203125 0.22671226875 0.24031202187499998 0.21218590625
0 0.145671725 0.20128879843749997 0.1111672078125 0.1959604875 0.10935386875 0.20770311874999997 0.1438583859375 0.2130314296875 0.145671725 0.20128879843749997
0 0.6631123390625 0.6201724109375 0.53025735625 0.5142268343749999 0.46709835 0.5934277703124999 0.5999533328125 0.6993733453125001 0.6631123390625 0.6201724109375