0 0.7166331828125 0.3359812890625 0.7059072140625 0.26702863125 0.55576583125 0.29038395625 0.5664918 0.359336615625 0.7166331828125 0.3359812890625
0 0.8568119359375 0.32941800625 0.8384856265625 0.2551964515625 0.7327009421875 0.281316125 0.7510272515625 0.35553768125 0.8568119359375 0.32941800625
0 0.429090909375 0.5933743171875 0.3963636359375 0.57151639375 0.3803793765625 0.5954491890625 0.41310665 0.6173071125 0.429090909375 0.5933743171875
0 0.33090909062499996 0.620696721875 0.328738175 0.5961377390625 0.26691999375000003 0.60160221875 0.269090909375 0.6261612015625 0.33090909062499996 0.620696721875
0 0.2408492828125 0.7200203375 0.186352103125 0.7083211015625 0.1778614140625 0.74787228125 0.23235859374999998 0.7595715171874999 0.2408492828125 0.7200203375
0 0.2363636359375 0.795560109375 0.1927272734375 0.795560109375 0.1927272734375 0.8720628421875001 0.2363636359375 0.8720628421875001 0.2363636359375 0.795560109375
0 0.3963636359375 0.7354508203125001 0.3492609 0.7097116203125 0.3243852265625 0.7552341015625 0.3714879625 0.7809733015625 0.3963636359375 0.7354508203125001
0 0.1771136375 1 0.1771136375 0.964959015625 0.092045453125 0.964959015625 0.092045453125 1 0.1771136375 1
0 0.4170945046875 0.8568047453125001 0.287911575 0.841871875 0.2794725609375 0.9148770328125 0.408655490625 0.929809903125 0.4170945046875 0.8568047453125001
0 0.834078765625 0.949921359375 0.7170594546875 0.9070705328124999 0.6989358578125 0.9565634140625001 0.8159551687500001 0.9994142406250001 0.834078765625 0.949921359375
1 0.001188965625 0.0015505984375 0.0011021359375 0.0014839625 0.001076921875 0.0015168171875 0.00116375 0.0015834531249999998 0.001188965625 0.0015505984375
0 0.8322265625 0.9484375 0.7314453125 0.91484375 0.717578125 0.9564453125 0.818359375 0.9900390625 0.8322265625 0.9484375
0 0.5908201953125001 0.8505313328125 0.5907914421875 0.841355140625 0.56008646875 0.841451353125 0.5601152218750001 0.8506275453125 0.5908201953125001 0.8505313328125
0 0.5607238640625 0.8447759828124999 0.5578191828125 0.8366813453124999 0.5358546296875 0.8445631078125 0.5387593093749999 0.8526577453125 0.5607238640625 0.8447759828124999