0 0.10806249999999999 0.317765625 0.043953124999999996 0.306109375 0.040015625 0.327765625 0.104125 0.339421875 0.10806249999999999 0.317765625
0 0.091015625 0.2748046875 0.09067979375 0.2677522265625 0.06757370625 0.2688525171875 0.06790953749999999 0.275904978125 0.091015625 0.2748046875
0 0.3299711046875 0.3483973671875 0.294140625 0.3470703125 0.29346639531249996 0.36527450781250004 0.329296875 0.3666015625 0.3299711046875 0.3483973671875
0 0.2025646921875 0.3268055359375 0.176953125 0.3255859375 0.176449378125 0.33616462812500003 0.20206094531250002 0.3373842265625 0.2025646921875 0.3268055359375
0 0.2519186578125 0.2874425546875 0.2123966 0.277562040625 0.2075137875 0.297093290625 0.24703584531249997 0.3069738046875 0.2519186578125 0.2874425546875
0 0.29598524375 0.433984375 0.284375 0.433984375 0.284375 0.4390625 0.29598524375 0.4390625 0.29598524375 0.433984375
0 0.28195669843750004 0.319045740625 0.255078125 0.3158203125 0.2535901765625 0.328219884375 0.28046875 0.3314453125 0.28195669843750004 0.319045740625
0 0.071886084375 0.23332245624999998 0.071130321875 0.2222486984375 0.0433593421875 0.224144015625 0.04411510625 0.2352177734375 0.071886084375 0.23332245624999998
0 0.6429777921875 0 0.6429777921875 0.05275848749999999 0.8132704000000001 0.05275848749999999 0.8132704000000001 0 0.6429777921875 0
0 0 0.73299005625 0.1350959125 0.7350369640625 0.1376589125 0.5658789468750001 0.0005382484375 0.5638013609375 0 0.5993257609375 0 0.73299005625
0 0.9199947171874999 0.7027755609375 0.7909294578125 0.610995825 0.7377244015625 0.6858154390625 0.866789659375 0.777595175 0.9199947171874999 0.7027755609375