0 0.637366809375 0.75493573125 0.418445075 0.684190484375 0.3978781078125 0.7478351296875 0.6167998421875 0.8185803765624999 0.637366809375 0.75493573125
0 0.1540989234375 0.7215008265625 0.13964823906249998 0.6792222171875 0.0461778578125 0.7111700765625 0.06062854375 0.7534486859375 0.1540989234375 0.7215008265625
0 0.71481835625 0.590964946875 0.6986203359375 0.536653940625 0.5996899734375 0.5661594875 0.6158879921875 0.62047049375 0.71481835625 0.590964946875
0 0.1328125 0.6279296875 0.119140625 0.6142578125 0.1005859375 0.6328125 0.1142578125 0.646484375 0.1328125 0.6279296875
0 0.6957447484375 0.47057505156249996 0.6945760765625 0.45771964687500005 0.6619973109374999 0.460681353125 0.663165984375 0.47353675781250004 0.6957447484375 0.47057505156249996
0 0.58309368125 0.5012511140625 0.5689084796875 0.47150795156249997 0.4764476328125 0.5156046625 0.49063283281250003 0.5453478265625 0.58309368125 0.5012511140625
0 0.45504270625 0.48638884375 0.44995749687500003 0.46706505 0.39554323125 0.48138459375 0.40062844062499997 0.5007083875 0.45504270625 0.48638884375
0 0.5902599890625 0.45147605 0.5546875 0.4482421875 0.5539510765625 0.45634285312499995 0.589523565625 0.459576715625 0.5902599890625 0.45147605
0 0.623487625 0.41428719531249997 0.6055983828125 0.4130945796875 0.6051576328125 0.41970582187499994 0.623046875 0.4208984375 0.623487625 0.41428719531249997
0 0.420258025 0.6013041203125 0.414602290625 0.566244415625 0.33451218125 0.5791643296875 0.3401679140625 0.6142240328125 0.420258025 0.6013041203125
0 0.7234796296875 0.4149988828125 0.6771376499999999 0.40396695468750005 0.6731613875 0.42067009375 0.71950336875 0.43170202187499995 0.7234796296875 0.4149988828125