0 0.9514680484375001 0.9385478015625001 0.8307245015625 0.9295064796875 0.826867753125 0.9810119421874999 0.9476112999999999 0.9900532656250001 0.9514680484375001 0.9385478015625001
0 0.7525423421874999 1 0.926268959375 0.8066620734375001 0.6644360500000001 0.5713882890625 0.48508014375 0.770990971875 0.7399410953125 1 0.7525423421874999 1
0 0.644943090625 0.7825807421875 0.6241763171875 0.7825807421875 0.6241763171875 0.8041118421875 0.644943090625 0.8041118421875 0.644943090625 0.7825807421875
0 0.6404426515625 0.7086246921875 0.6206675390624999 0.7059837984375 0.6171807578124999 0.7320929578125 0.6369558703125 0.7347338515625 0.6404426515625 0.7086246921875
0 0.7407897359375 0.6533941390625 0.73579223125 0.6367091796875 0.7027333890625 0.6466110140625 0.70773089375 0.6632959734375 0.7407897359375 0.6533941390625
0 0.8414287140625 0.8519587328125 0.7967002796875 0.8519587328125 0.7967002796875 0.86870514375 0.8414287140625 0.86870514375 0.8414287140625 0.8519587328125
0 0.6369558703125 0.6797099281250001 0.62838634375 0.6582518890625 0.580463021875 0.6773906453125 0.5890325484375001 0.6988486843749999 0.6369558703125 0.6797099281250001
0 0.77593350625 0.71081040625 0.7120357421875 0.71081040625 0.7120357421875 0.72755681875 0.77593350625 0.72755681875 0.77593350625 0.71081040625
0 0.7776942124999999 0.9637641046875001 0.764871478125 0.9346528140625001 0.70608941875 0.960544715625 0.718912153125 0.9896560078125001 0.7776942124999999 0.9637641046875001
0 0.8656812828125 0.834880240625 0.854851503125 0.795624140625 0.7596504484375 0.8218877390625 0.770480228125 0.861143840625 0.8656812828125 0.834880240625
0 0.94032339375 1 0.94374841875 0.9508295609375 0.8517384328125001 0.9444204968750001 0.8481975015625001 0.995254925 0.9163188968749999 1 0.94032339375 1