0 0.2390710765625 0.6097891859375 0.0568583390625 0.5693073875 0.04785755 0.6098208625 0.23007028749999997 0.6503026609375 0.2390710765625 0.6097891859375
0 0.35700585625 0.464402446875 0.3408078359375 0.410091440625 0.2418774734375 0.4395969875 0.25807549218750003 0.49390799375 0.35700585625 0.464402446875
0 0.33793224843749997 0.3440125515625 0.3367635765625 0.331157146875 0.3041848109375 0.334118853125 0.305353484375 0.3469742578125 0.33793224843749997 0.3440125515625
0 0.22528118125000002 0.3746886140625 0.2110959796875 0.3449454515625 0.1186351328125 0.3890421625 0.1328203328125 0.4187853265625 0.22528118125000002 0.3746886140625
0 0.09723020624999999 0.35982634375 0.092144996875 0.34050254999999996 0.037730731249999996 0.35482209375 0.042815940625 0.3741458875 0.09723020624999999 0.35982634375
0 0.23244748906249998 0.32491355 0.196875 0.3216796875 0.1961385765625 0.329780353125 0.23171106562500002 0.333014215625 0.23244748906249998 0.32491355
0 0.265675125 0.2877246953125 0.2477858828125 0.2865320796875 0.24734513281249998 0.29314332187500003 0.265234375 0.2943359375 0.265675125 0.2877246953125
0 0 0.4848151578125 0.0589564328125 0.4848151578125 0.0589564328125 0.449517459375 0 0.449517459375 0 0.4848151578125
0 0.3656671296875 0.2884363828125 0.31932515 0.27740445468749997 0.3153488875 0.29410759375 0.36169086875 0.30513952187500004 0.3656671296875 0.2884363828125
0 0.7896266171875 0.2362545140625 0.6982510734375 0.20081187812499998 0.6804095359375 0.24680959374999997 0.771785078125 0.28225222968749997 0.7896266171875 0.2362545140625
0 1 0.339648403125 0.9234612796875 0.339648403125 0.9234612796875 0.46299946875 1 0.46299946875 1 0.339648403125
0 0.5095486109375 0.3394868828125 0.3890625 0.3394868828125 0.3890625 0.4988490234375 0.5095486109375 0.4988490234375 0.5095486109375 0.3394868828125