0 0.562517390625 0.688076015625 0.4451296203125 0.6854358406250001 0.4435225984375 0.7568873828125 0.5609103703125 0.7595275578125 0.562517390625 0.688076015625
0 0.489625771875 0.8970608828125 0.4682962234375 0.7664771859374999 0.26621235 0.7994855765625 0.287541896875 0.9300692734375 0.489625771875 0.8970608828125
0 0.8654538640625 0.92014814375 0.8629091750000001 0.76706884375 0.5816547125 0.77174423125 0.5841993999999999 0.92482353125 0.8654538640625 0.92014814375
0 0.369322490625 0.542989109375 0.31348784375 0.5181623828124999 0.2967080890625 0.5558996046875 0.3525427359375 0.58072633125 0.369322490625 0.542989109375
0 0.5733886578125 0.3956262140625 0.5641664484375 0.354145409375 0.5044836421875 0.36741437499999996 0.5137058531250001 0.40889517968750005 0.5733886578125 0.3956262140625
0 0.780075621875 0.41759700000000005 0.7785976328124999 0.3635818375 0.6564045859375 0.3669253453125 0.6578825765625 0.42094050625 0.780075621875 0.41759700000000005
0 0.69965418125 0.43053569375 0.61999998125 0.43053569375 0.61999998125 0.4735110984375 0.69965418125 0.4735110984375 0.69965418125 0.43053569375
0 0.6429970234375 0.28975408593749996 0.614835234375 0.2628366296875 0.5723422390625 0.3072939796875 0.600504028125 0.3342114359375 0.6429970234375 0.28975408593749996
0 1 0.8522807390624999 0.9836317359375 0.3864819140625 0.737724378125 0.3951231484375 0.7585781203125 0.988567134375 1 0.980083521875 1 0.8522807390624999
0 0.776134740625 0.3785178921875 0.656828284375 0.36884439687500004 0.6544641234374999 0.3980023703125 0.7737705796875 0.407675865625 0.776134740625 0.3785178921875
0 0.6453125 0.3052734375 0.6442079734374999 0.28649649843749997 0.5779162171875 0.29039601249999997 0.57902074375 0.309172953125 0.6453125 0.3052734375
0 0.56881985625 0.3871549953125 0.5682011296875 0.3642620890625 0.5055357546875 0.3659557484375 0.5061544828125 0.38884865468749996 0.56881985625 0.3871549953125
0 0.402585353125 0.3483099984375 0.4022767515625 0.338743340625 0.361177884375 0.3400691109375 0.3614864859375 0.34963576875 0.402585353125 0.3483099984375
0 0.56881985625 0.3871549953125 0.5682011296875 0.3642620890625 0.5055357546875 0.3659557484375 0.5061544828125 0.38884865468749996 0.56881985625 0.3871549953125
0 0.599609375 0.3125 0.544921875 0.3125 0.544921875 0.3330078125 0.599609375 0.3330078125 0.599609375 0.3125
0 0.3558667453125 0.5687242046875001 0.3549638859375 0.54795843125 0.3140256484375 0.5497383546875 0.31492850781250004 0.570504128125 0.3558667453125 0.5687242046875001
0 0.8251853984374999 0.5401778625 0.7739679171875 0.5365194718749999 0.7716925765625 0.568374246875 0.8229100578124999 0.5720326375 0.8251853984374999 0.5401778625
0 0.8458593750000001 0.4549609375 0.82125 0.45144531250000003 0.819140625 0.4662109375 0.84375 0.4697265625 0.8458593750000001 0.4549609375
0 0.84375 0.80859375 0.626953125 0.80859375 0.626953125 0.8876953125 0.84375 0.8876953125 0.84375 0.80859375
0 0.5446322734375 0.710977909375 0.456357759375 0.705785290625 0.45366379375 0.7515827046875 0.5419383078125 0.7567753234375 0.5446322734375 0.710977909375