0 0.4827636578125 0.3268762140625 0.4735414484375 0.285395409375 0.4138586421875 0.298664375 0.423080853125 0.3401451796875 0.4827636578125 0.3268762140625
0 0.6108394609375 0.350997996875 0.609375 0.297477209375 0.5657931140625 0.2986697171875 0.567257575 0.35219050625000003 0.6108394609375 0.350997996875
0 0.60902918125 0.36178569375 0.5293749812499999 0.36178569375 0.5293749812499999 0.40476109843749997 0.60902918125 0.40476109843749997 0.60902918125 0.36178569375
0 0.5523720234375 0.22100408593749998 0.524210234375 0.19408662968749998 0.4817172390625 0.23854397968750002 0.5098790281250001 0.2654614359375 0.5523720234375 0.22100408593749998
0 0.611559246875 0.30377190781249996 0.566203284375 0.30009439531250004 0.5640190375 0.327033425 0.609375 0.3307109375 0.611559246875 0.30377190781249996
0 0.5546875 0.2365234375 0.5535829734375 0.2177464984375 0.4872912171875 0.2216460125 0.48839574375000006 0.240422953125 0.5546875 0.2365234375
0 0.47819485625 0.3184049953125 0.4775761296875 0.2955120890625 0.41491075468750005 0.29720574843750003 0.4155294828125 0.3200986546875 0.47819485625 0.3184049953125
0 0.31196035312500003 0.2795599984375 0.3116517515625 0.269993340625 0.27055288437499997 0.2713191109375 0.2708614859375 0.28088576875000004 0.31196035312500003 0.2795599984375
0 0.47819485625 0.3184049953125 0.4775761296875 0.2955120890625 0.41491075468750005 0.29720574843750003 0.4155294828125 0.3200986546875 0.47819485625 0.3184049953125
0 0.508984375 0.24375 0.454296875 0.24375 0.454296875 0.2642578125 0.508984375 0.2642578125 0.508984375 0.24375
0 0.255078125 1 0.255078125 0.9223958328125 0.11640625 0.9223958328125 0.11640625 1 0.255078125 1
0 0.1821346734375 0.8215530718749999 0.1276816234375 0.8164480984375 0.1228243359375 0.868259165625 0.1772773859375 0.8733641390625 0.1821346734375 0.8215530718749999
0 0.122814065625 0.7829395 0.121761503125 0.7632039703125 0.0868434640625 0.7650662671874999 0.0878960265625 0.784801796875 0.122814065625 0.7829395
0 0.9210069437499999 0.6634259265625 0.8176489124999999 0.5493756828125 0.70429373125 0.6521038124999999 0.8076517640624999 0.76615405625 0.9210069437499999 0.6634259265625
0 0.7032902437499999 0.46188308906250003 0.6309672296875 0.44251085156250003 0.62038531875 0.4820166515625 0.6927083328125 0.5013888890625 0.7032902437499999 0.46188308906250003