0 0.6631768203124999 0.74339243125 0.5400136828125001 0.6824717515625001 0.5083789624999999 0.7464275625 0.6315421015625 0.8073482406249999 0.6631768203124999 0.74339243125
0 0.3043510859375 0.641253571875 0.2877434875 0.6087882359375001 0.157003215625 0.6756682453125 0.1736108140625 0.70813358125 0.3043510859375 0.641253571875
0 0.608061603125 0.728489846875 0.5351158640625 0.6767646859374999 0.5030955265625 0.7219215718750001 0.576041265625 0.7736467328125001 0.608061603125 0.728489846875
0 0.642578125 0.7490234375 0.5368398187500001 0.6743017015625 0.5028296453125 0.7224293046875 0.6085679515625 0.797151040625 0.642578125 0.7490234375
0 0.369140625 0.7021484375 0.2433826078125 0.682701321875 0.23982161093749998 0.7057290984375 0.365579628125 0.725176215625 0.369140625 0.7021484375
0 0.6374849765625 0.6862530046875001 0.61200420625 0.683067909375 0.6099759609375 0.6992938703125 0.63545673125 0.702478965625 0.6374849765625 0.6862530046875001
0 0.3258236671875 0.6681381046875 0.323677446875 0.6430988531249999 0.217482209375 0.6522013015625 0.21962843125 0.6772405546875 0.3258236671875 0.6681381046875
0 0.5571948421874999 0.667974384375 0.555519625 0.6466527171875 0.50619255 0.650528284375 0.5078677671875 0.6718499515625 0.5571948421874999 0.667974384375
0 0.7313986171875 0.7329388625 0.6730905734375 0.7292076375 0.6707536125 0.7657274468749999 0.7290616562500001 0.769458671875 0.7313986171875 0.7329388625
0 0.7028182703125 0.7271591453124999 0.701624003125 0.7066521203125 0.6551900640625 0.70935629375 0.6563843312500001 0.7298633203125 0.7028182703125 0.7271591453124999
0 0.5112346640625 0.715122503125 0.432123215625 0.706629575 0.430259684375 0.723988325 0.5093711328125 0.7324812515625 0.5112346640625 0.715122503125
0 0.5772565546874999 0.6488960421875001 0.5579752265625 0.6436731984375 0.5540830890625 0.6580419187500001 0.5733644171875001 0.6632647625 0.5772565546874999 0.6488960421875001
0 0.5246870218749999 0.6278109062499999 0.48521603750000003 0.6229188609375 0.48341563593750003 0.6374452234375 0.5228866203125 0.64233726875 0.5246870218749999 0.6278109062499999
0 0.43004672499999996 0.6169137984375 0.3955422078125 0.6115854875 0.39372886875 0.62332811875 0.4282333859375 0.6286564296875 0.43004672499999996 0.6169137984375
0 0.7930663265625 1 0.7971261015625 0.9439041328125001 0.7133744953125001 0.9378428546875 0.709088865625 0.9970594609375001 0.7497197140625 1 0.7930663265625 1