0 0.11640625 0.2849609375 0.0998046875 0.268359375 0.091015625 0.2771484375 0.1076171875 0.29375 0.11640625 0.2849609375
0 0.10806249999999999 0.152140625 0.043953124999999996 0.140484375 0.040015625 0.16214062499999998 0.104125 0.17379687500000002 0.10806249999999999 0.152140625
0 0.091015625 0.1091796875 0.09067979375 0.10212722656249999 0.06757370625 0.1032275171875 0.06790953749999999 0.11027997812500001 0.091015625 0.1091796875
0 0.20253798281250002 0.169510746875 0.201960678125 0.15854195468750001 0.1769477296875 0.159858425 0.177525034375 0.17082721875 0.20253798281250002 0.169510746875
0 0.423931309375 0.28772479375 0.3856316328125 0.26151975312500003 0.3686247046875 0.28637603125 0.40692438124999997 0.31258107343749997 0.423931309375 0.28772479375
0 0.298046875 0.2791015625 0.294981971875 0.26786358125 0.282421875 0.2712890625 0.285486778125 0.28252704375 0.298046875 0.2791015625
0 0.0735457328125 0.0677617359375 0.0734432625 0.052911125 0.034773560937499996 0.05317794687500001 0.03487603125 0.06802855937499999 0.0735457328125 0.0677617359375
0 0 0.06820185625 0.0162475234375 0.06820185625 0.0162475234375 0.05785055625 0 0.05785055625 0 0.06820185625
0 0 0.054259982812499996 0.0091802015625 0.054259982812499996 0.0091802015625 0.0484351484375 0 0.0484351484375 0 0.054259982812499996
0 0.36388199375 0.360871134375 0.1543567078125 0.3596335515625 0.1526418609375 0.6499602999999999 0.36216714843750003 0.6511978828125 0.36388199375 0.360871134375
0 0.9796875 0.29364748125 0.507421875 0.29364748125 0.507421875 0.540864821875 0.9796875 0.540864821875 0.9796875 0.29364748125
0 0.9640742484375 0.65 0.5655780078125 0.65 0.5655780078125 0.9807565796875 0.9640742484375 0.9807565796875 0.9640742484375 0.65
0 0.8954045796875001 0.747168128125 0.89481673125 0.72659340625 0.8341519671875 0.728326684375 0.8347398171875 0.74890140625 0.8954045796875001 0.747168128125
0 0.9347719250000001 1 0.9853227406249999 0.68658494375 0.6418758125 0.6311902765624999 0.5902858765625 0.9510478734375001 0.8937890640624999 1 0.9347719250000001 1
0 0.6642844109375 0.65 0.5644254828124999 0.65 0.5644254828124999 0.682946528125 0.6642844109375 0.682946528125 0.6642844109375 0.65
0 0.0010252390625 0.001015625 0.0008071078125000001 0.0009963265625 0.0007570750000000001 0.0015618734375 0.00097520625 0.0015811703125 0.0010252390625 0.001015625