0 0.1910572484375 0.2158875515625 0.1898885765625 0.20303214687499999 0.15730981093750002 0.205993853125 0.158478484375 0.2188492578125 0.1910572484375 0.2158875515625
0 0 0.2830788359375 0.00037378437499999996 0.28380771562499996 0.07734375 0.2443359375 0.062802915625 0.2159813109375 0 0.24818793437500003 0 0.2830788359375
0 0.0855724890625 0.19678855 0.05 0.1935546875 0.0492635765625 0.201655353125 0.084836065625 0.204889215625 0.0855724890625 0.19678855
0 0.119610253125 0.1607904671875 0.1020650453125 0.1567415734375 0.10078125 0.1623046875 0.1183264578125 0.16635358125 0.119610253125 0.1607904671875
0 0.23396730781250002 0.17386197812499998 0.233915021875 0.153794475 0.164438240625 0.153975496875 0.16449052656250002 0.174043 0.23396730781250002 0.17386197812499998
0 0.4827461890625 0 0.4827461890625 0.2106044109375 0.8892390656250001 0.2106044109375 0.8892390656250001 0 0.4827461890625 0
0 0.19447115312500002 0.5477163468749999 0.11514423124999999 0.5477163468749999 0.11514423124999999 0.61983173125 0.19447115312500002 0.61983173125 0.19447115312500002 0.5477163468749999
0 0.35160770937499997 0.56062654375 0.336328953125 0.47277368593749997 0.23924444375 0.48965794687499997 0.2545232 0.5775108046875 0.35160770937499997 0.56062654375
0 0.17892546874999998 0.3158367078125 0.0950471 0.3098453984375 0.09215516406249999 0.35033251249999997 0.1760335328125 0.3563238234375 0.17892546874999998 0.3158367078125
0 0.10863729062500001 0.7826644609375 0.10617411406249999 0.7136955109375 0.01149855625 0.7170767812500001 0.013961734375000001 0.78604573125 0.10863729062500001 0.7826644609375
0 0.026953125 0.59609375 0.007421875 0.59609375 0.007421875 0.6283203125 0.026953125 0.6283203125 0.026953125 0.59609375
0 0 0.47613653593749994 0.06874569999999999 0.47761727187499997 0.07062241875 0.3904874640625 0.0003589640625 0.3889740359375 0 0.40563954375 0 0.47613653593749994
0 0.826618771875 0.6796771640625 0.7387829828125 0.6580581390625 0.7249880421875 0.7141055125 0.81282383125 0.7357245375 0.826618771875 0.6796771640625
0 0.9290934171874999 0.799578884375 0.41629514062500006 0.7382744296875 0.3945478375 0.9201858406250001 0.9073461125 0.9814902953125 0.9290934171874999 0.799578884375