0 0 0.6128800359375 0.038206953125 0.6889609171875 0.29438651562499996 0.5603104562500001 0.1922130046875 0.35685401250000004 0 0.45338119531250004 0 0.6128800359375
0 0.7884648999999999 0.396435465625 0.7110750859375 0.2184320578125 0.4540657125 0.3301709734375 0.531455528125 0.50817438125 0.7884648999999999 0.396435465625
0 0.842130575 0.5253780078125 0.570605025 0.394523578125 0.4065042765625 0.7350359 0.678029828125 0.8658903296875 0.842130575 0.5253780078125
0 0.29888737656250003 1 0.388092678125 0.999772515625 0.3876643890625 0.8318244781249999 0.1860098 0.832338721875 0.18643735625 1 0.29888737656250003 1
0 0.7371479562500001 0.141562890625 0.6959054546875 0.0963266796875 0.5554864734375 0.2243486796875 0.596728975 0.269584890625 0.7371479562500001 0.141562890625
0 0.20605466875 1 0.37531973281250003 0.9990101453125 0.37449906093749996 0.8586754890625 0.20460584062499998 0.8596690171875 0.2054264890625 1 0.20605466875 1
0 0.41538373125000005 0.4888556984375 0.3691980703125 0.41187959531249996 0.278147978125 0.46650965 0.3243336390625 0.5434857531249999 0.41538373125000005 0.4888556984375
0 0.7358203125 0.16957031250000001 0.6976171875 0.11863281249999999 0.5698046875 0.21449218750000001 0.6080078125 0.2654296875 0.7358203125 0.16957031250000001
0 0.4733132390625 0.2324591328125 0.47250879531249995 0.18338804687500002 0.3432850703125 0.18550646875000001 0.3440895140625 0.23457755468750002 0.4733132390625 0.2324591328125
0 0.485546875 0.5630859375 0.475390625 0.5326171875 0.40859375 0.5548828125 0.41875 0.5853515625 0.485546875 0.5630859375
0 0.1728515625 0.265625 0.154296875 0.2470703125 0.1181640625 0.283203125 0.13671875 0.3017578125 0.1728515625 0.265625
0 0.9918610296875 0.318141996875 0.9214043406249999 0.2179316359375 0.8144814578125 0.29310781874999997 0.8849381484375 0.3933181796875 0.9918610296875 0.318141996875
0 0.9025966234375 0.1551565296875 0.8864109828125001 0.04112785625 0.772566278125 0.057287382812499996 0.7887519171874999 0.17131605625 0.9025966234375 0.1551565296875